7  1.422418e-01 
27  1.422418e-01 
50  1.422418e-01 
30  1.422418e-01 
38  1.422418e-01 
12  1.422418e-01 
1  1.422418e-01 
36  2.778994e-04 
3  2.778994e-04 
32  2.778994e-04 
34  2.778994e-04 
40  2.778994e-04 
41  2.778994e-04 
43  2.778994e-04 
44  2.778994e-04 
52  2.778994e-04 
9  1.389497e-04 
51  1.389497e-04 
57  1.389497e-04 
53  1.389497e-04 
56  1.389497e-04 
47  1.389497e-04 
26  1.389497e-04 
23  1.389497e-04 
31  1.389497e-04 
48  1.389497e-04 
4  1.389497e-04 
14  1.389497e-04 
39  1.389497e-04 
