30  8.719828e-03 
109  8.719828e-03 
114  8.719828e-03 
95  8.718956e-03 
44  8.718956e-03 
35  8.718956e-03 
41  8.718956e-03 
94  8.718956e-03 
38  8.718956e-03 
11  8.718956e-03 
93  8.718956e-03 
13  8.718956e-03 
82  8.718956e-03 
15  8.718956e-03 
80  8.718956e-03 
72  8.718956e-03 
108  8.718956e-03 
20  8.718956e-03 
104  8.718956e-03 
68  8.718956e-03 
24  8.718956e-03 
97  8.718956e-03 
60  8.718956e-03 
59  8.718956e-03 
56  8.718956e-03 
58  8.718956e-03 
53  8.718956e-03 
45  8.718956e-03 
29  8.718085e-03 
4  8.718085e-03 
6  8.718085e-03 
17  8.718085e-03 
19  8.718085e-03 
21  8.718085e-03 
22  8.718085e-03 
25  8.718085e-03 
33  8.718085e-03 
37  8.718085e-03 
40  8.718085e-03 
46  8.718085e-03 
47  8.718085e-03 
49  8.718085e-03 
54  8.718085e-03 
57  8.718085e-03 
62  8.718085e-03 
64  8.718085e-03 
65  8.718085e-03 
75  8.718085e-03 
78  8.718085e-03 
84  8.718085e-03 
99  8.718085e-03 
101  8.718085e-03 
102  8.718085e-03 
112  8.718085e-03 
113  8.718085e-03 
31  8.717213e-03 
74  8.717213e-03 
28  8.717213e-03 
36  8.717213e-03 
86  8.717213e-03 
81  8.717213e-03 
77  8.717213e-03 
85  8.716341e-03 
18  8.716341e-03 
48  8.716341e-03 
83  8.715469e-03 
51  8.715469e-03 
5  8.715469e-03 
100  8.715469e-03 
70  8.714598e-03 
27  8.714598e-03 
63  8.714598e-03 
69  8.714598e-03 
14  8.714598e-03 
34  8.714598e-03 
89  8.713726e-03 
111  8.713726e-03 
115  8.713726e-03 
76  8.713726e-03 
66  8.713726e-03 
26  8.712855e-03 
110  8.712855e-03 
1  8.712855e-03 
106  8.711984e-03 
55  8.711984e-03 
16  8.711984e-03 
67  8.711984e-03 
42  8.711984e-03 
50  8.711113e-03 
91  8.711113e-03 
98  8.710241e-03 
7  8.709370e-03 
107  8.709370e-03 
23  8.709370e-03 
3  8.708499e-03 
52  8.707629e-03 
8  8.705887e-03 
105  8.705017e-03 
10  8.703276e-03 
103  8.703276e-03 
73  8.702405e-03 
9  8.698055e-03 
32  8.697185e-03 
79  8.692838e-03 
88  8.691968e-03 
71  8.685017e-03 
87  8.682412e-03 
2  8.680675e-03 
39  8.662464e-03 
96  8.633060e-03 
90  8.393836e-03 
61  8.294537e-03 
12  8.294537e-03 
43  8.294537e-03 
92  8.294537e-03 
