1  2.140212e-02 
44  2.140212e-02 
28  2.140212e-02 
21  2.140212e-02 
35  2.140212e-02 
12  2.139998e-02 
3  2.139998e-02 
19  2.139998e-02 
16  2.139998e-02 
5  2.139998e-02 
8  2.139998e-02 
42  2.139784e-02 
7  2.139784e-02 
11  2.139784e-02 
13  2.139784e-02 
17  2.139784e-02 
22  2.139784e-02 
24  2.139784e-02 
31  2.139784e-02 
32  2.139784e-02 
33  2.139784e-02 
34  2.139784e-02 
36  2.139784e-02 
37  2.139784e-02 
38  2.139784e-02 
15  2.139570e-02 
41  2.139570e-02 
2  2.139570e-02 
43  2.139570e-02 
18  2.139142e-02 
10  2.138715e-02 
25  2.137859e-02 
39  2.131881e-02 
26  2.131668e-02 
45  2.129750e-02 
30  2.123158e-02 
4  2.123158e-02 
47  2.121672e-02 
6  2.115951e-02 
27  2.100980e-02 
46  2.100980e-02 
9  2.099090e-02 
14  2.093011e-02 
23  2.077580e-02 
40  2.077580e-02 
20  2.057729e-02 
29  2.043783e-02 
