59  5.778859e-01 
88  3.424446e-01 
66  7.223574e-02 
31  2.306925e-04 
51  2.306233e-04 
82  2.306233e-04 
72  2.301165e-04 
74  2.299784e-04 
3  2.296337e-04 
45  2.296337e-04 
22  2.274624e-04 
33  2.272350e-04 
18  2.271442e-04 
94  2.271442e-04 
81  2.270760e-04 
24  2.270306e-04 
69  2.264637e-04 
19  2.264637e-04 
8  2.261469e-04 
92  2.260790e-04 
50  2.258756e-04 
102  2.256724e-04 
73  2.255145e-04 
43  2.250864e-04 
97  2.244346e-04 
64  2.240085e-04 
47  2.240085e-04 
53  2.240085e-04 
85  2.240085e-04 
27  2.239189e-04 
68  2.196825e-04 
14  2.183027e-04 
15  2.180409e-04 
70  2.176923e-04 
36  2.176923e-04 
84  2.163035e-04 
