70  1.000000e+00 
60  9.954103e-13 
20  9.831428e-13 
76  9.831428e-13 
87  9.826514e-13 
14  9.788263e-13 
73  9.785327e-13 
83  9.767728e-13 
33  9.760893e-13 
32  9.742364e-13 
94  9.695710e-13 
98  9.695710e-13 
30  9.695710e-13 
93  9.695710e-13 
80  9.691833e-13 
54  9.508466e-13 
7  9.448748e-13 
4  9.437416e-13 
88  9.422327e-13 
36  9.422327e-13 
12  9.362214e-13 
{48, 102}  1.930435e-14 
{37, 102}  1.928505e-14 
{46, 102}  1.927156e-14 
{47, 102}  1.921959e-14 
{71, 102}  1.921959e-14 
{91, 102}  1.921959e-14 
{9, 102}  1.916968e-14 
{101, 102}  1.904738e-14 
