27  4.000000e-01 
85  4.000000e-01 
92  1.000000e-01 
77  1.000000e-01 
51  7.450581e-10 
57  4.656613e-11 
48  1.651586e-14 
37  1.649935e-14 
76  1.649275e-14 
20  1.649275e-14 
14  1.642034e-14 
73  1.641541e-14 
9  1.640064e-14 
83  1.638589e-14 
33  1.637442e-14 
32  1.634334e-14 
101  1.629601e-14 
30  1.626508e-14 
98  1.626508e-14 
93  1.626508e-14 
94  1.626508e-14 
80  1.625857e-14 
54  1.595096e-14 
7  1.585078e-14 
4  1.583177e-14 
88  1.580646e-14 
36  1.580646e-14 
12  1.570562e-14 
{17, 96}  1.344730e-15 
{17, 66}  1.344730e-15 
{17, 40}  1.340567e-15 
{17, 46}  1.324443e-15 
{17, 71}  1.320872e-15 
{17, 47}  1.320872e-15 
{17, 91}  1.320872e-15 
{17, 84}  1.684193e-16 
{17, 60}  1.676463e-16 
{17, 41}  1.673951e-16 
{13, 17}  1.673951e-16 
{17, 87}  1.654975e-16 
