85  5.000000e-01 
27  5.000000e-01 
51  9.313226e-10 
57  5.820766e-11 
48  3.587324e-43 
37  3.503246e-46 
76  2.189529e-47 
20  2.189529e-47 
46  2.736911e-48 
71  2.039158e-56 
91  2.039158e-56 
47  2.039158e-56 
73  1.555754e-61 
9  3.038582e-64 
83  5.934730e-67 
33  4.636508e-69 
{14, 41}  5.281639e-70 
{13, 14}  5.281639e-70 
{32, 41}  5.256873e-70 
{13, 32}  5.256873e-70 
101  2.039855e-70 
98  2.035983e-70 
30  2.035983e-70 
93  2.035983e-70 
94  2.035983e-70 
80  2.035169e-70 
7  1.984124e-70 
4  1.981744e-70 
88  1.978576e-70 
36  1.978576e-70 
12  1.965953e-70 
