35  9.970932e-01 
17  9.912274e-05 
41  9.906328e-05 
13  9.906328e-05 
48  9.812659e-05 
37  9.802851e-05 
76  9.798930e-05 
20  9.798930e-05 
46  9.795991e-05 
87  9.794032e-05 
91  9.769576e-05 
47  9.769576e-05 
71  9.769576e-05 
14  9.755908e-05 
73  9.752981e-05 
9  9.744207e-05 
83  9.735441e-05 
33  9.728628e-05 
32  9.710160e-05 
101  9.682040e-05 
30  9.663661e-05 
93  9.663661e-05 
98  9.663661e-05 
94  9.663661e-05 
80  9.659796e-05 
54  9.477036e-05 
7  9.417515e-05 
4  9.406220e-05 
88  9.391182e-05 
36  9.391182e-05 
12  9.331267e-05 
