30  9.971909e-01 
20  9.913245e-05 
44  9.907299e-05 
33  9.907299e-05 
89  9.813621e-05 
77  9.803811e-05 
5  9.799890e-05 
25  9.799890e-05 
71  9.794991e-05 
63  9.770533e-05 
93  9.770533e-05 
31  9.770533e-05 
83  9.756863e-05 
53  9.753937e-05 
37  9.745162e-05 
99  9.736395e-05 
27  9.729581e-05 
47  9.711112e-05 
51  9.682989e-05 
79  9.664608e-05 
52  9.664608e-05 
87  9.664608e-05 
11  9.664608e-05 
68  9.660742e-05 
92  9.477964e-05 
60  9.418438e-05 
55  9.407142e-05 
81  9.392102e-05 
29  9.392102e-05 
9  9.332181e-05 
