43  1.000000e+00 
24  4.442669e-16 
84  2.221334e-16 
56  9.953108e-17 
44  9.941171e-17 
33  9.941171e-17 
89  9.847172e-17 
77  9.837329e-17 
25  9.833395e-17 
5  9.833395e-17 
83  9.790221e-17 
53  9.787284e-17 
37  9.778479e-17 
99  9.769682e-17 
27  9.762845e-17 
47  9.744313e-17 
51  9.716094e-17 
52  9.697650e-17 
87  9.697650e-17 
79  9.697650e-17 
11  9.697650e-17 
68  9.693771e-17 
92  9.510368e-17 
60  9.450638e-17 
55  9.439304e-17 
29  9.424212e-17 
81  9.424212e-17 
9  9.364087e-17 
