39  9.972895e-01 
51  9.924145e-05 
57  9.920176e-05 
48  9.814591e-05 
37  9.804780e-05 
20  9.800859e-05 
76  9.800859e-05 
46  9.797919e-05 
71  9.771499e-05 
91  9.771499e-05 
47  9.771499e-05 
14  9.757828e-05 
73  9.754901e-05 
9  9.746125e-05 
83  9.737357e-05 
33  9.730543e-05 
32  9.712071e-05 
101  9.683946e-05 
98  9.665563e-05 
94  9.665563e-05 
30  9.665563e-05 
93  9.665563e-05 
80  9.661697e-05 
54  9.478901e-05 
7  9.419369e-05 
4  9.408072e-05 
88  9.393030e-05 
36  9.393030e-05 
12  9.333104e-05 
