42  1.000000e+00 
60  2.222001e-16 
48  9.853083e-29 
37  9.843234e-29 
76  9.839297e-29 
20  9.839297e-29 
87  9.834379e-29 
47  9.809822e-29 
71  9.809822e-29 
91  9.809822e-29 
14  9.796097e-29 
73  9.793159e-29 
9  9.784348e-29 
83  9.775546e-29 
33  9.768705e-29 
32  9.750161e-29 
101  9.721925e-29 
93  9.703470e-29 
98  9.703470e-29 
30  9.703470e-29 
94  9.703470e-29 
80  9.699590e-29 
54  9.516076e-29 
7  9.456311e-29 
4  9.444969e-29 
88  9.429869e-29 
36  9.429869e-29 
12  9.369707e-29 
