48  1.000000e+00 
27  4.445780e-16 
54  2.778613e-17 
{10, 30}  5.043264e-44 
{10, 51}  5.019615e-44 
{30, 81}  4.982605e-44 
{51, 81}  4.959241e-44 
{20, 30}  4.951807e-44 
{20, 51}  4.928587e-44 
45  9.860969e-45 
66  9.851112e-45 
34  9.847172e-45 
59  9.847172e-45 
13  9.817673e-45 
14  9.817673e-45 
39  9.817673e-45 
91  9.800997e-45 
36  9.792179e-45 
17  9.776524e-45 
78  9.729706e-45 
47  9.711237e-45 
65  9.711237e-45 
96  9.711237e-45 
32  9.711237e-45 
38  9.707353e-45 
64  9.523693e-45 
68  9.463879e-45 
50  9.452529e-45 
97  9.437416e-45 
92  9.437416e-45 
22  9.377206e-45 
{30, 56}  1.967466e-46 
{30, 80}  1.967466e-46 
{51, 56}  1.958240e-46 
{51, 80}  1.958240e-46 
