61  9.999695e-01 
15  1.525832e-05 
86  1.525832e-05 
27  6.369158e-11 
55  6.368521e-11 
54  6.366610e-11 
56  6.358975e-11 
80  6.358975e-11 
45  6.298847e-11 
66  6.292551e-11 
59  6.290035e-11 
34  6.290035e-11 
81  6.288148e-11 
26  6.286890e-11 
14  6.271192e-11 
39  6.271192e-11 
13  6.271192e-11 
30  6.262418e-11 
91  6.260540e-11 
36  6.254907e-11 
20  6.249280e-11 
17  6.244907e-11 
51  6.233052e-11 
78  6.215002e-11 
65  6.203204e-11 
96  6.203204e-11 
32  6.203204e-11 
47  6.203204e-11 
38  6.200723e-11 
64  6.083407e-11 
68  6.045200e-11 
50  6.037950e-11 
92  6.028297e-11 
97  6.028297e-11 
22  5.989837e-11 
