75  9.971909e-01 
17  9.913245e-05 
41  9.907299e-05 
13  9.907299e-05 
48  9.813621e-05 
37  9.803811e-05 
76  9.799890e-05 
20  9.799890e-05 
87  9.794991e-05 
91  9.770533e-05 
47  9.770533e-05 
71  9.770533e-05 
14  9.756863e-05 
73  9.753937e-05 
9  9.745162e-05 
83  9.736395e-05 
33  9.729581e-05 
32  9.711112e-05 
101  9.682989e-05 
30  9.664608e-05 
93  9.664608e-05 
98  9.664608e-05 
94  9.664608e-05 
80  9.660742e-05 
54  9.477964e-05 
7  9.418438e-05 
4  9.407142e-05 
88  9.392102e-05 
36  9.392102e-05 
12  9.332181e-05 
