7  5.000000e-01 
91  5.000000e-01 
37  1.739414e-18 
22  8.575972e-50 
33  8.374973e-53 
18  5.234358e-54 
94  5.234358e-54 
81  6.542947e-55 
69  4.874876e-63 
19  4.874876e-63 
23  4.874876e-63 
8  2.975388e-67 
{24, 63, 98}  5.245863e-68 
{24, 30, 98}  5.245863e-68 
92  3.719235e-68 
50  7.264131e-71 
{24, 60}  6.603755e-72 
{24, 83}  4.127347e-73 
102  1.418776e-73 
73  1.108418e-75 
43  2.114140e-81 
97  3.937893e-90 
{3, 6, 35, 40, 60}  4.218991e-93 
{3, 6, 35, 40, 83}  4.217304e-93 
{6, 35, 40, 45, 60}  2.557207e-93 
{6, 35, 40, 45, 83}  2.556184e-93 
85  7.510935e-96 
47  7.510935e-96 
53  7.510935e-96 
64  7.510935e-96 
27  4.694335e-97 
{3, 40, 63, 74, 98}  2.576507e-99 
{30, 40, 45, 74, 98}  2.576507e-99 
{40, 45, 63, 74, 98}  2.576507e-99 
{3, 30, 40, 74, 98}  2.576507e-99 
{30, 40, 72, 74, 98}  5.736693e-100 
{40, 63, 72, 74, 98}  5.736693e-100 
68  4.777109e-109 
14  4.747107e-109 
15  4.741413e-109 
70  4.733833e-109 
36  4.733833e-109 
84  4.703631e-109 
{40, 45, 60, 74}  1.780218e-113 
{3, 40, 60, 74}  1.780218e-113 
{40, 45, 74, 83}  1.779506e-113 
{3, 40, 74, 83}  1.779506e-113 
{40, 60, 72, 74}  1.981782e-114 
{40, 72, 74, 83}  1.980989e-114 
