15  9.999997e-01 
24  9.953105e-09 
56  9.949125e-09 
33  9.937192e-09 
44  9.937192e-09 
89  9.843231e-09 
77  9.833392e-09 
5  9.829460e-09 
25  9.829460e-09 
93  9.800014e-09 
63  9.800014e-09 
31  9.800014e-09 
83  9.786303e-09 
53  9.783367e-09 
37  9.774566e-09 
27  9.758938e-09 
47  9.740413e-09 
51  9.712205e-09 
11  9.693769e-09 
87  9.693769e-09 
79  9.693769e-09 
52  9.693769e-09 
68  9.689892e-09 
92  9.506562e-09 
60  9.446856e-09 
55  9.435526e-09 
29  9.420440e-09 
81  9.420440e-09 
9  9.360339e-09 
