97  9.897358e-03 
19  9.897358e-03 
66  9.897358e-03 
4  9.897358e-03 
91  9.897358e-03 
8  9.897358e-03 
90  9.897358e-03 
70  9.897358e-03 
62  9.897358e-03 
72  9.897358e-03 
32  9.897358e-03 
94  9.896368e-03 
21  9.896368e-03 
2  9.896368e-03 
85  9.896368e-03 
26  9.896368e-03 
73  9.896368e-03 
54  9.896368e-03 
46  9.896368e-03 
1  9.896368e-03 
7  9.896368e-03 
98  9.896368e-03 
12  9.896368e-03 
102  9.896368e-03 
14  9.896368e-03 
16  9.896368e-03 
17  9.896368e-03 
95  9.896368e-03 
30  9.896368e-03 
59  9.896368e-03 
58  9.896368e-03 
39  9.896368e-03 
42  9.896368e-03 
57  9.895378e-03 
15  9.895378e-03 
96  9.895378e-03 
78  9.895378e-03 
64  9.894389e-03 
61  9.894389e-03 
43  9.893399e-03 
6  9.893399e-03 
13  9.892410e-03 
3  9.892410e-03 
23  9.892410e-03 
67  9.892410e-03 
74  9.892410e-03 
76  9.892410e-03 
82  9.891421e-03 
41  9.891421e-03 
50  9.891421e-03 
88  9.891421e-03 
28  9.890432e-03 
49  9.890432e-03 
69  9.886476e-03 
35  9.884499e-03 
65  9.879558e-03 
75  9.877582e-03 
48  9.876594e-03 
45  9.875606e-03 
86  9.875606e-03 
101  9.873631e-03 
34  9.873631e-03 
38  9.870669e-03 
22  9.870669e-03 
40  9.851932e-03 
24  9.847007e-03 
84  9.846022e-03 
56  9.843069e-03 
36  9.840116e-03 
20  9.837164e-03 
33  9.831264e-03 
44  9.831264e-03 
80  9.817509e-03 
100  9.782228e-03 
89  9.738304e-03 
77  9.728570e-03 
5  9.724680e-03 
25  9.724680e-03 
18  9.721762e-03 
71  9.719818e-03 
31  9.695548e-03 
63  9.695548e-03 
93  9.695548e-03 
83  9.681983e-03 
53  9.679078e-03 
37  9.670371e-03 
99  9.661671e-03 
27  9.654910e-03 
47  9.636582e-03 
51  9.608675e-03 
10  9.605793e-03 
79  9.590435e-03 
87  9.590435e-03 
11  9.590435e-03 
52  9.590435e-03 
68  9.586599e-03 
92  9.405224e-03 
60  9.346154e-03 
55  9.334945e-03 
29  9.320020e-03 
81  9.320020e-03 
9  9.260560e-03 
