31  1.989508e-02 
24  1.989508e-02 
13  1.989508e-02 
6  1.989508e-02 
12  1.989508e-02 
3  1.989309e-02 
37  1.989309e-02 
22  1.988911e-02 
44  1.988513e-02 
18  1.988314e-02 
2  1.988115e-02 
34  1.987917e-02 
21  1.987718e-02 
19  1.987718e-02 
9  1.987519e-02 
11  1.987519e-02 
23  1.986724e-02 
17  1.986128e-02 
20  1.985930e-02 
26  1.985731e-02 
35  1.985731e-02 
49  1.985532e-02 
51  1.985334e-02 
48  1.985334e-02 
32  1.985135e-02 
43  1.985135e-02 
50  1.984937e-02 
33  1.984937e-02 
1  1.984540e-02 
10  1.984143e-02 
25  1.983945e-02 
28  1.982358e-02 
42  1.980773e-02 
47  1.980376e-02 
27  1.980178e-02 
41  1.979980e-02 
4  1.975629e-02 
15  1.971484e-02 
40  1.971484e-02 
5  1.966168e-02 
8  1.947577e-02 
38  1.923383e-02 
46  1.884730e-02 
14  1.872893e-02 
39  1.861502e-02 
16  1.854442e-02 
36  1.853885e-02 
45  1.853885e-02 
30  1.853885e-02 
29  1.853885e-02 
7  1.853885e-02 
