74  1.110790e-01 
83  1.110790e-01 
86  1.110790e-01 
87  1.110790e-01 
24  1.110790e-01 
39  1.110790e-01 
61  1.110790e-01 
32  1.110790e-01 
30  1.110790e-01 
26  1.110790e-05 
27  1.110790e-05 
29  1.110790e-05 
31  1.110790e-05 
33  1.110790e-05 
38  1.110790e-05 
45  1.110790e-05 
48  1.110790e-05 
51  1.110790e-05 
60  1.110790e-05 
66  1.110790e-05 
79  1.110790e-05 
89  1.110790e-05 
95  1.110790e-05 
103  1.110790e-05 
106  1.110790e-05 
2  1.110790e-05 
107  1.110790e-05 
3  1.110790e-05 
4  1.110790e-05 
7  1.110790e-05 
8  1.110790e-05 
10  1.110790e-05 
12  1.110790e-05 
17  1.110790e-05 
22  1.110790e-05 
