33  5.000000e-01 
5  5.000000e-01 
{29, 41}  5.448887e-53 
{19, 41}  1.048579e-101 
{8, 14, 16, 20, 22, 23, 29, 30, 37, 40, 43, 46}  6.631685e-179 
{8, 14, 15, 16, 20, 22, 23, 29, 30, 40, 43, 46}  6.631685e-179 
{13, 14, 15, 16, 20, 22, 23, 29, 30, 40, 43, 46}  6.631022e-179 
{13, 14, 16, 20, 22, 23, 29, 30, 37, 40, 43, 46}  6.631022e-179 
{8, 16, 18, 20, 22, 23, 29, 30, 37, 40, 43, 46}  6.629033e-179 
{8, 16, 20, 22, 23, 29, 30, 37, 40, 43, 46, 47}  6.629033e-179 
{8, 15, 16, 20, 22, 23, 29, 30, 40, 43, 46, 47}  6.629033e-179 
{8, 15, 16, 18, 20, 22, 23, 29, 30, 40, 43, 46}  6.629033e-179 
{4, 8, 14, 16, 20, 22, 29, 30, 34, 37, 40, 43, 46}  6.681277e-181 
{4, 8, 14, 15, 16, 20, 22, 29, 30, 34, 40, 43, 46}  6.681277e-181 
{41, 50}  1.316070e-186 
{8, 14, 15, 16, 20, 22, 23, 29, 30, 40, 43, 45}  9.951556e-190 
{8, 14, 16, 20, 22, 23, 29, 30, 37, 40, 43, 45}  9.951556e-190 
{8, 14, 16, 20, 22, 23, 29, 30, 37, 38, 40, 43}  7.491335e-190 
{8, 14, 15, 16, 20, 22, 23, 29, 30, 38, 40, 43}  7.491335e-190 
{13, 14, 16, 20, 22, 23, 29, 30, 37, 38, 40, 43}  7.490586e-190 
{13, 14, 15, 16, 20, 22, 23, 29, 30, 38, 40, 43}  7.490586e-190 
{8, 16, 18, 20, 22, 23, 29, 30, 37, 38, 40, 43}  7.488339e-190 
{8, 15, 16, 20, 22, 23, 29, 30, 38, 40, 43, 47}  7.488339e-190 
{8, 16, 20, 22, 23, 29, 30, 37, 38, 40, 43, 47}  7.488339e-190 
{8, 15, 16, 18, 20, 22, 23, 29, 30, 38, 40, 43}  7.488339e-190 
{4, 8, 14, 15, 16, 20, 22, 29, 30, 34, 38, 40, 43}  7.547355e-192 
{4, 8, 14, 16, 20, 22, 29, 30, 34, 37, 38, 40, 43}  7.547355e-192 
48  3.295909e-201 
12  1.199045e-212 
49  1.498806e-213 
6  1.498806e-213 
3  1.498806e-213 
10  1.498806e-213 
26  1.498806e-213 
{20, 41}  1.227680e-214 
{8, 11, 14, 16, 20, 22, 23, 30, 37, 38, 40, 43}  2.563878e-347 
{8, 11, 14, 15, 16, 20, 22, 23, 30, 38, 40, 43}  2.563878e-347 
{8, 11, 14, 16, 20, 22, 23, 30, 37, 40, 43, 46}  2.563878e-347 
{8, 11, 14, 15, 16, 20, 22, 23, 30, 40, 43, 46}  2.563878e-347 
{8, 14, 15, 16, 19, 20, 22, 23, 30, 40, 43, 46}  7.362801e-356 
{8, 14, 16, 19, 20, 22, 23, 30, 37, 40, 43, 46}  7.362801e-356 
{4, 8, 14, 15, 16, 19, 20, 22, 30, 34, 40, 43, 46}  7.417860e-358 
{4, 8, 14, 16, 19, 20, 22, 30, 34, 37, 40, 43, 46}  7.417860e-358 
{8, 14, 15, 16, 20, 22, 23, 30, 34, 43, 50}  4.397647e-364 
{8, 14, 16, 20, 22, 23, 30, 34, 37, 43, 50}  4.397647e-364 
{8, 14, 16, 19, 20, 22, 23, 30, 37, 38, 40, 43}  8.317224e-367 
{8, 14, 15, 16, 19, 20, 22, 23, 30, 38, 40, 43}  8.317224e-367 
{4, 8, 14, 15, 16, 19, 20, 22, 30, 34, 38, 40, 43}  8.379420e-369 
{4, 8, 14, 16, 19, 20, 22, 30, 34, 37, 38, 40, 43}  8.379420e-369 
