78  4.991291e-01 
75  4.991291e-01 
83  4.976837e-05 
86  4.976837e-05 
87  4.976837e-05 
24  4.976837e-05 
39  4.976837e-05 
61  4.976837e-05 
32  4.976837e-05 
74  4.976837e-05 
30  4.976837e-05 
29  4.976339e-05 
31  4.976339e-05 
33  4.976339e-05 
38  4.976339e-05 
45  4.976339e-05 
48  4.976339e-05 
51  4.976339e-05 
60  4.976339e-05 
66  4.976339e-05 
79  4.976339e-05 
89  4.976339e-05 
95  4.976339e-05 
103  4.976339e-05 
106  4.976339e-05 
2  4.976339e-05 
107  4.976339e-05 
3  4.976339e-05 
4  4.976339e-05 
7  4.976339e-05 
8  4.976339e-05 
10  4.976339e-05 
12  4.976339e-05 
17  4.976339e-05 
22  4.976339e-05 
26  4.976339e-05 
27  4.976339e-05 
