102  1.000000e+00 
83  4.660340e-10 
86  4.660340e-10 
87  4.660340e-10 
24  4.660340e-10 
39  4.660340e-10 
61  4.660340e-10 
32  4.660340e-10 
30  4.660340e-10 
74  4.660340e-10 
27  2.330170e-10 
29  2.330170e-10 
31  2.330170e-10 
33  2.330170e-10 
38  2.330170e-10 
45  2.330170e-10 
48  2.330170e-10 
51  2.330170e-10 
60  2.330170e-10 
66  2.330170e-10 
79  2.330170e-10 
89  2.330170e-10 
95  2.330170e-10 
103  2.330170e-10 
106  2.330170e-10 
2  2.330170e-10 
107  2.330170e-10 
3  2.330170e-10 
4  2.330170e-10 
7  2.330170e-10 
8  2.330170e-10 
10  2.330170e-10 
12  2.330170e-10 
17  2.330170e-10 
22  2.330170e-10 
26  2.330170e-10 
