69  5.000000e-01 
109  5.000000e-01 
39  2.331802e-10 
24  2.331802e-10 
30  2.331802e-10 
32  2.331802e-10 
61  2.331802e-10 
74  2.331802e-10 
83  2.331802e-10 
86  2.331802e-10 
87  2.331802e-10 
26  1.165901e-10 
29  1.165901e-10 
3  1.165901e-10 
31  1.165901e-10 
89  1.165901e-10 
33  1.165901e-10 
38  1.165901e-10 
2  1.165901e-10 
45  1.165901e-10 
48  1.165901e-10 
51  1.165901e-10 
60  1.165901e-10 
95  1.165901e-10 
66  1.165901e-10 
4  1.165901e-10 
103  1.165901e-10 
79  1.165901e-10 
106  1.165901e-10 
7  1.165901e-10 
8  1.165901e-10 
10  1.165901e-10 
12  1.165901e-10 
17  1.165901e-10 
22  1.165901e-10 
107  1.165901e-10 
27  1.165901e-10 
