83  1.000199e-02 
2  1.000199e-02 
3  1.000199e-02 
4  1.000199e-02 
5  1.000199e-02 
91  1.000199e-02 
37  1.000199e-02 
38  1.000199e-02 
39  1.000199e-02 
41  1.000199e-02 
43  1.000199e-02 
45  1.000199e-02 
50  1.000199e-02 
90  1.000199e-02 
89  1.000199e-02 
54  1.000199e-02 
55  1.000199e-02 
56  1.000199e-02 
88  1.000199e-02 
58  1.000199e-02 
60  1.000199e-02 
64  1.000199e-02 
65  1.000199e-02 
86  1.000199e-02 
67  1.000199e-02 
68  1.000199e-02 
69  1.000199e-02 
85  1.000199e-02 
73  1.000199e-02 
74  1.000199e-02 
76  1.000199e-02 
77  1.000199e-02 
78  1.000199e-02 
81  1.000199e-02 
82  1.000199e-02 
7  1.000199e-02 
1  1.000199e-02 
10  1.000199e-02 
11  1.000199e-02 
14  1.000199e-02 
15  1.000199e-02 
99  1.000199e-02 
19  1.000199e-02 
20  1.000199e-02 
96  1.000199e-02 
95  1.000199e-02 
23  1.000199e-02 
26  1.000199e-02 
27  1.000199e-02 
30  1.000199e-02 
31  1.000199e-02 
32  1.000199e-02 
33  1.000199e-02 
72  1.000099e-02 
42  1.000099e-02 
46  1.000099e-02 
47  1.000099e-02 
93  1.000099e-02 
92  1.000099e-02 
48  1.000099e-02 
49  1.000099e-02 
80  1.000099e-02 
87  1.000099e-02 
53  1.000099e-02 
12  1.000099e-02 
100  1.000099e-02 
40  1.000099e-02 
71  1.000099e-02 
17  1.000099e-02 
44  9.999989e-03 
59  9.999989e-03 
79  9.999989e-03 
61  9.999989e-03 
34  9.999989e-03 
75  9.999989e-03 
29  9.999989e-03 
35  9.998989e-03 
8  9.998989e-03 
84  9.998989e-03 
16  9.998989e-03 
28  9.998989e-03 
62  9.998989e-03 
6  9.998989e-03 
13  9.997989e-03 
9  9.996990e-03 
63  9.996990e-03 
57  9.996990e-03 
51  9.996990e-03 
24  9.996990e-03 
18  9.996990e-03 
70  9.996990e-03 
97  9.993991e-03 
25  9.993991e-03 
94  9.993991e-03 
98  9.990993e-03 
52  9.987996e-03 
36  9.986997e-03 
66  9.986997e-03 
22  9.986997e-03 
21  9.986997e-03 
