64  1.000199e-02 
55  1.000199e-02 
56  1.000199e-02 
61  1.000199e-02 
58  1.000199e-02 
59  1.000199e-02 
60  1.000199e-02 
97  1.000199e-02 
9  1.000199e-02 
94  1.000199e-02 
11  1.000199e-02 
93  1.000199e-02 
92  1.000199e-02 
14  1.000199e-02 
2  1.000199e-02 
16  1.000199e-02 
3  1.000199e-02 
18  1.000199e-02 
19  1.000199e-02 
20  1.000199e-02 
21  1.000199e-02 
22  1.000199e-02 
23  1.000199e-02 
24  1.000199e-02 
25  1.000199e-02 
26  1.000199e-02 
89  1.000199e-02 
28  1.000199e-02 
85  1.000199e-02 
82  1.000199e-02 
31  1.000199e-02 
32  1.000199e-02 
81  1.000199e-02 
80  1.000199e-02 
35  1.000199e-02 
36  1.000199e-02 
79  1.000199e-02 
4  1.000199e-02 
99  1.000199e-02 
77  1.000199e-02 
75  1.000199e-02 
42  1.000199e-02 
43  1.000199e-02 
44  1.000199e-02 
72  1.000199e-02 
46  1.000199e-02 
47  1.000199e-02 
70  1.000199e-02 
67  1.000199e-02 
65  1.000199e-02 
6  1.000199e-02 
98  1.000199e-02 
54  1.000199e-02 
13  1.000099e-02 
15  1.000099e-02 
17  1.000099e-02 
38  1.000099e-02 
39  1.000099e-02 
51  1.000099e-02 
52  1.000099e-02 
62  1.000099e-02 
63  1.000099e-02 
66  1.000099e-02 
68  1.000099e-02 
71  1.000099e-02 
74  1.000099e-02 
78  1.000099e-02 
87  1.000099e-02 
90  1.000099e-02 
12  9.999989e-03 
73  9.999989e-03 
53  9.999989e-03 
100  9.999989e-03 
5  9.999989e-03 
29  9.999989e-03 
49  9.999989e-03 
48  9.998989e-03 
96  9.998989e-03 
76  9.998989e-03 
7  9.998989e-03 
37  9.998989e-03 
34  9.998989e-03 
88  9.998989e-03 
84  9.997989e-03 
86  9.996990e-03 
41  9.996990e-03 
33  9.996990e-03 
95  9.996990e-03 
10  9.996990e-03 
1  9.996990e-03 
8  9.996990e-03 
83  9.993991e-03 
57  9.993991e-03 
40  9.993991e-03 
27  9.990993e-03 
69  9.987996e-03 
91  9.986997e-03 
50  9.986997e-03 
45  9.986997e-03 
30  9.986997e-03 
