12  5.000000e-01 
16  5.000000e-01 
22  1.912032e-92 
19  1.912032e-92 
17  1.912032e-92 
2  9.560160e-93 
9  4.780080e-93 
18  4.780080e-93 
10  1.195020e-93 
{7, 13, 21, 24}  4.683292e-172 
{7, 13, 20, 24}  6.469008e-183 
{13, 21, 24, 27}  3.556038e-190 
{13, 20, 24, 27}  4.911938e-201 
4  9.477785e-211 
6  9.477785e-211 
{8, 24}  1.383028e-211 
{7, 13, 21, 25}  3.904372e-213 
{7, 13, 20, 25}  5.393090e-224 
3  5.137918e-230 
11  8.027996e-232 
{13, 21, 25, 27}  3.216370e-233 
{13, 20, 25, 27}  4.442755e-244 
{8, 25}  9.028851e-247 
