18  1.000000e+00 
3  6.776264e-21 
7  1.972152e-31 
24  1.972152e-31 
{4, 14}  4.533798e-45 
{14, 20}  4.533798e-45 
19  6.372368e-58 
26  6.077163e-64 
2  6.077163e-64 
9  6.077163e-64 
21  3.038582e-64 
25  1.519291e-64 
16  1.519291e-64 
11  3.798227e-65 
{12, 20}  5.324295e-96 
{4, 12}  5.324295e-96 
{12, 15}  6.477417e-97 
{14, 27}  7.540910e-156 
{14, 17}  4.286511e-169 
10  3.012400e-182 
6  3.012400e-182 
1  3.591060e-189 
5  1.633025e-201 
22  2.551602e-203 
{12, 27}  8.855717e-207 
{12, 17}  5.033892e-220 
