7  5.000000e-01 
24  5.000000e-01 
9  1.912032e-92 
2  1.912032e-92 
26  1.912032e-92 
21  9.560160e-93 
16  4.780080e-93 
25  4.780080e-93 
11  1.195020e-93 
{3, 8, 14, 27}  4.683292e-172 
{3, 8, 14, 17}  6.469008e-183 
{8, 14, 19, 27}  3.556038e-190 
{8, 14, 17, 19}  4.911938e-201 
10  9.477785e-211 
6  9.477785e-211 
{1, 14}  1.383028e-211 
{3, 8, 12, 27}  3.904372e-213 
{3, 8, 12, 17}  5.393090e-224 
5  5.137918e-230 
22  8.027996e-232 
{8, 12, 19, 27}  3.216370e-233 
{8, 12, 17, 19}  4.442755e-244 
{1, 12}  9.028851e-247 
