100  3.960376e-02 
117  3.960376e-02 
121  3.960376e-02 
126  3.960376e-02 
21  3.960376e-02 
18  3.960376e-02 
34  3.960376e-02 
41  3.960376e-02 
46  3.960376e-02 
52  3.960376e-02 
54  3.960376e-02 
59  3.960376e-02 
20  3.960376e-02 
62  3.960376e-02 
65  3.960376e-02 
73  3.960376e-02 
77  3.960376e-02 
81  3.960376e-02 
87  3.960376e-02 
90  3.960376e-02 
92  3.960376e-02 
95  3.960376e-02 
98  3.960376e-02 
104  3.960376e-02 
142  9.901931e-03 
2  9.901931e-03 
26  9.901931e-03 
60  9.901931e-03 
1  9.901931e-03 
