4  4.705882e-01 
15  4.705882e-01 
8  5.882353e-02 
10  3.188830e-21 
{7, 9, 11, 13, 18, 19, 20}  3.537660e-32 
{1, 9, 11, 13, 18, 19, 20}  2.080144e-32 
{2, 9, 11, 13, 18, 19, 20}  2.080144e-32 
{3, 9, 11, 13, 18, 19, 20}  2.080144e-32 
{5, 7, 13, 18, 20}  5.890092e-35 
{5, 6, 7, 18, 20}  5.857198e-35 
{3, 5, 13, 18, 20}  3.463374e-35 
{1, 5, 13, 18, 20}  3.463374e-35 
{2, 5, 13, 18, 20}  3.463374e-35 
{3, 5, 6, 18, 20}  3.444032e-35 
{2, 5, 6, 18, 20}  3.444032e-35 
{1, 5, 6, 18, 20}  3.444032e-35 
