8  3.048249e-02 
13  3.048249e-02 
33  3.047640e-02 
17  3.047640e-02 
25  3.044898e-02 
23  3.044898e-02 
3  3.044594e-02 
5  3.037903e-02 
14  3.037599e-02 
19  3.032136e-02 
18  3.026077e-02 
11  3.025775e-02 
16  3.025775e-02 
1  3.025775e-02 
22  3.025775e-02 
32  3.025775e-02 
4  3.025472e-02 
27  3.025169e-02 
9  3.024262e-02 
29  3.024262e-02 
21  3.024262e-02 
26  3.024262e-02 
28  3.023960e-02 
2  3.023960e-02 
10  3.023960e-02 
15  3.023960e-02 
31  3.023960e-02 
30  3.023960e-02 
12  3.023960e-02 
20  3.023960e-02 
7  3.023960e-02 
24  3.023960e-02 
6  3.023960e-02 
