11  4.000000e-01 
14  4.000000e-01 
16  2.000000e-01 
3  4.768371e-08 
19  2.384186e-08 
5  1.630228e-13 
7  1.626971e-13 
30  1.626808e-13 
9  1.626808e-13 
29  1.626808e-13 
2  1.626808e-13 
13  1.626808e-13 
10  1.626645e-13 
15  1.626483e-13 
32  1.625995e-13 
6  1.625995e-13 
22  1.625995e-13 
20  1.625995e-13 
33  1.625832e-13 
4  1.625832e-13 
8  1.625832e-13 
12  1.625832e-13 
18  1.625832e-13 
21  1.625832e-13 
23  1.625832e-13 
27  1.625832e-13 
28  1.625832e-13 
31  1.625832e-13 
1  1.625832e-13 
