14  1.000000e+00 
{5, 19}  7.050157e-22 
{3, 18}  3.481559e-23 
22  2.656525e-23 
11  2.656525e-23 
16  2.656525e-23 
32  2.656525e-23 
1  2.656525e-23 
{3, 4}  8.703898e-24 
27  6.641312e-24 
26  8.301640e-25 
9  8.301640e-25 
21  8.301640e-25 
29  8.301640e-25 
{5, 18}  4.901471e-25 
24  4.150820e-25 
2  4.150820e-25 
6  4.150820e-25 
7  4.150820e-25 
10  4.150820e-25 
12  4.150820e-25 
15  4.150820e-25 
20  4.150820e-25 
28  4.150820e-25 
30  4.150820e-25 
31  4.150820e-25 
{4, 5}  1.225368e-25 
{18, 19}  6.815285e-28 
{4, 19}  1.703821e-28 
