22  1.000000e+00 
{19, 24}  7.050157e-22 
{9, 15}  3.481559e-23 
18  2.656525e-23 
21  2.656525e-23 
6  2.656525e-23 
14  2.656525e-23 
16  2.656525e-23 
{9, 12}  8.703898e-24 
11  6.641312e-24 
1  8.301640e-25 
3  8.301640e-25 
20  8.301640e-25 
32  8.301640e-25 
{15, 24}  4.901471e-25 
27  4.150820e-25 
28  4.150820e-25 
29  4.150820e-25 
30  4.150820e-25 
31  4.150820e-25 
5  4.150820e-25 
33  4.150820e-25 
13  4.150820e-25 
8  4.150820e-25 
23  4.150820e-25 
25  4.150820e-25 
{12, 24}  1.225368e-25 
{15, 19}  6.815285e-28 
{12, 19}  1.703821e-28 
