29  1.000000e+00 
{2, 14}  7.050157e-22 
{9, 22}  3.481559e-23 
33  2.656525e-23 
25  2.656525e-23 
28  2.656525e-23 
3  2.656525e-23 
18  2.656525e-23 
{21, 22}  8.703898e-24 
6  6.641312e-24 
32  8.301640e-25 
5  8.301640e-25 
15  8.301640e-25 
17  8.301640e-25 
{2, 9}  4.901471e-25 
11  4.150820e-25 
31  4.150820e-25 
16  4.150820e-25 
1  4.150820e-25 
10  4.150820e-25 
19  4.150820e-25 
12  4.150820e-25 
24  4.150820e-25 
8  4.150820e-25 
4  4.150820e-25 
26  4.150820e-25 
{2, 21}  1.225368e-25 
{9, 14}  6.815285e-28 
{14, 21}  1.703821e-28 
