41  2.175057e-02 
1  2.174839e-02 
31  2.174839e-02 
32  2.174839e-02 
33  2.174839e-02 
35  2.174839e-02 
37  2.174839e-02 
38  2.174839e-02 
39  2.174839e-02 
40  2.174839e-02 
42  2.174839e-02 
43  2.174839e-02 
44  2.174839e-02 
46  2.174839e-02 
5  2.174839e-02 
6  2.174839e-02 
7  2.174839e-02 
8  2.174839e-02 
9  2.174839e-02 
10  2.174839e-02 
11  2.174839e-02 
13  2.174839e-02 
15  2.174839e-02 
17  2.174839e-02 
18  2.174839e-02 
19  2.174839e-02 
21  2.174839e-02 
22  2.174839e-02 
23  2.174839e-02 
25  2.174839e-02 
26  2.174839e-02 
27  2.174839e-02 
28  2.174839e-02 
29  2.174839e-02 
16  2.174622e-02 
12  2.174622e-02 
2  2.174622e-02 
4  2.174404e-02 
45  2.174404e-02 
34  2.174187e-02 
24  2.173969e-02 
14  2.173752e-02 
20  2.173752e-02 
36  2.172665e-02 
3  2.171145e-02 
30  2.143101e-02 
