42  1.907341e-02 
53  1.907341e-02 
8  1.907150e-02 
38  1.907150e-02 
37  1.907150e-02 
10  1.907150e-02 
44  1.906959e-02 
35  1.906959e-02 
24  1.906769e-02 
30  1.906769e-02 
29  1.906769e-02 
23  1.906578e-02 
21  1.906578e-02 
26  1.906387e-02 
16  1.906387e-02 
36  1.906387e-02 
33  1.906387e-02 
14  1.906387e-02 
18  1.906197e-02 
2  1.906197e-02 
48  1.906006e-02 
32  1.906006e-02 
5  1.905434e-02 
13  1.904863e-02 
49  1.902578e-02 
1  1.902198e-02 
9  1.900867e-02 
4  1.900486e-02 
41  1.898967e-02 
46  1.897448e-02 
43  1.894414e-02 
25  1.893467e-02 
34  1.891007e-02 
12  1.890818e-02 
15  1.890440e-02 
11  1.883270e-02 
6  1.882893e-02 
19  1.877252e-02 
7  1.877252e-02 
52  1.870693e-02 
47  1.870132e-02 
22  1.869945e-02 
17  1.869945e-02 
28  1.868823e-02 
31  1.868263e-02 
20  1.833466e-02 
40  1.832733e-02 
39  1.830718e-02 
3  1.830534e-02 
27  1.828522e-02 
50  1.828522e-02 
51  1.828522e-02 
45  1.828522e-02 
