9  7.761479e-03 
77  7.761479e-03 
27  7.761479e-03 
74  7.761479e-03 
100  7.761479e-03 
41  7.761479e-03 
92  7.761479e-03 
85  7.761479e-03 
97  7.761479e-03 
70  7.761479e-03 
35  7.761479e-03 
86  7.761479e-03 
123  7.761479e-03 
115  7.760703e-03 
4  7.760703e-03 
2  7.760703e-03 
24  7.760703e-03 
104  7.760703e-03 
26  7.760703e-03 
1  7.760703e-03 
128  7.760703e-03 
96  7.760703e-03 
69  7.760703e-03 
93  7.760703e-03 
36  7.760703e-03 
68  7.760703e-03 
59  7.760703e-03 
60  7.760703e-03 
61  7.760703e-03 
67  7.760703e-03 
66  7.760703e-03 
3  7.760703e-03 
12  7.760703e-03 
120  7.760703e-03 
116  7.760703e-03 
17  7.760703e-03 
18  7.760703e-03 
39  7.760703e-03 
80  7.760703e-03 
47  7.760703e-03 
48  7.760703e-03 
98  7.759927e-03 
111  7.759927e-03 
54  7.759927e-03 
79  7.759927e-03 
8  7.759927e-03 
62  7.759927e-03 
56  7.759927e-03 
121  7.759927e-03 
50  7.759927e-03 
51  7.759927e-03 
125  7.759927e-03 
31  7.759927e-03 
73  7.759927e-03 
88  7.759927e-03 
107  7.759927e-03 
33  7.759151e-03 
5  7.759151e-03 
11  7.759151e-03 
20  7.759151e-03 
22  7.759151e-03 
28  7.759151e-03 
32  7.759151e-03 
46  7.759151e-03 
71  7.759151e-03 
72  7.759151e-03 
76  7.759151e-03 
81  7.759151e-03 
101  7.759151e-03 
103  7.759151e-03 
119  7.759151e-03 
113  7.758375e-03 
91  7.758375e-03 
55  7.758375e-03 
57  7.758375e-03 
64  7.758375e-03 
49  7.758375e-03 
122  7.758375e-03 
45  7.758375e-03 
44  7.758375e-03 
117  7.758375e-03 
19  7.758375e-03 
102  7.758375e-03 
94  7.757600e-03 
53  7.757600e-03 
89  7.757600e-03 
90  7.757600e-03 
95  7.757600e-03 
34  7.757600e-03 
29  7.757600e-03 
127  7.757600e-03 
21  7.757600e-03 
118  7.757600e-03 
15  7.757600e-03 
65  7.757600e-03 
52  7.756824e-03 
58  7.756824e-03 
87  7.756824e-03 
25  7.756048e-03 
14  7.756048e-03 
40  7.756048e-03 
105  7.756048e-03 
126  7.756048e-03 
114  7.755272e-03 
124  7.755272e-03 
37  7.755272e-03 
75  7.753721e-03 
129  7.753721e-03 
84  7.752946e-03 
82  7.752171e-03 
83  7.745971e-03 
78  7.743648e-03 
110  7.741325e-03 
99  7.738229e-03 
42  7.736681e-03 
10  7.735134e-03 
63  7.733587e-03 
106  7.731267e-03 
13  7.727402e-03 
108  7.725857e-03 
38  7.725084e-03 
109  7.725084e-03 
43  7.724312e-03 
7  7.720450e-03 
112  7.712733e-03 
16  7.712733e-03 
30  7.712733e-03 
6  7.555469e-03 
23  7.546407e-03 
