25  3.413039e-02 
3  3.413039e-02 
22  3.413039e-02 
2  3.413039e-02 
17  3.412697e-02 
9  3.412015e-02 
30  3.412015e-02 
27  3.410309e-02 
24  3.409968e-02 
15  3.409627e-02 
26  3.408604e-02 
6  3.407582e-02 
20  3.391264e-02 
18  3.390247e-02 
10  3.389569e-02 
12  3.378401e-02 
19  3.378401e-02 
16  3.377725e-02 
8  3.377725e-02 
21  3.377725e-02 
28  3.377725e-02 
29  3.180694e-02 
23  3.180694e-02 
11  3.180694e-02 
7  3.180694e-02 
5  3.180694e-02 
4  3.180694e-02 
1  3.180694e-02 
14  3.180694e-02 
13  3.180694e-02 
