41  4.993461e-01 
56  4.993461e-01 
57  4.979001e-05 
75  4.977009e-05 
53  4.969052e-05 
58  4.962100e-05 
81  4.962100e-05 
13  4.864325e-05 
54  4.839579e-05 
78  4.826047e-05 
27  4.826047e-05 
79  4.826047e-05 
84  4.821223e-05 
31  4.821223e-05 
38  4.819295e-05 
51  4.818813e-05 
8  4.815440e-05 
3  4.811589e-05 
65  4.805338e-05 
50  4.805338e-05 
89  4.805338e-05 
61  4.804858e-05 
23  4.803416e-05 
62  4.802936e-05 
74  4.802936e-05 
6  4.802456e-05 
83  4.802456e-05 
66  4.802456e-05 
19  4.795737e-05 
