29  3.333330e-01 
55  3.333330e-01 
7  3.333330e-01 
14  6.359095e-07 
34  1.589774e-07 
19  3.325339e-09 
53  3.308423e-09 
48  3.308092e-09 
72  3.296203e-09 
8  3.295215e-09 
70  3.294885e-09 
44  3.294885e-09 
16  3.294226e-09 
49  3.279763e-09 
47  3.250376e-09 
76  3.247776e-09 
67  3.240315e-09 
1  3.237076e-09 
42  3.234487e-09 
5  3.233194e-09 
80  3.231254e-09 
58  3.229962e-09 
77  3.229639e-09 
73  3.222219e-09 
66  3.222219e-09 
83  3.222219e-09 
69  3.218998e-09 
26  3.218998e-09 
81  3.217711e-09 
75  3.217389e-09 
2  3.215137e-09 
61  3.212566e-09 
96  3.208392e-09 
79  3.208392e-09 
89  3.208392e-09 
3  3.208071e-09 
38  3.207109e-09 
94  3.206788e-09 
21  3.206788e-09 
90  3.206468e-09 
92  3.206468e-09 
63  3.206468e-09 
13  3.201982e-09 
