78  9.964164e-01 
61  9.947239e-05 
20  9.944255e-05 
6  9.944255e-05 
27  9.944255e-05 
15  9.887731e-05 
56  9.886742e-05 
54  9.866001e-05 
96  9.802076e-05 
64  9.779556e-05 
68  9.706481e-05 
95  9.684180e-05 
26  9.674500e-05 
10  9.666763e-05 
11  9.662897e-05 
50  9.657101e-05 
92  9.653239e-05 
9  9.652273e-05 
2  9.630098e-05 
62  9.630098e-05 
91  9.630098e-05 
21  9.620472e-05 
38  9.620472e-05 
30  9.616624e-05 
25  9.615663e-05 
31  9.608934e-05 
65  9.601249e-05 
46  9.588775e-05 
57  9.588775e-05 
69  9.588775e-05 
84  9.587816e-05 
29  9.584940e-05 
72  9.583982e-05 
41  9.583982e-05 
45  9.583023e-05 
28  9.583023e-05 
48  9.583023e-05 
88  9.569616e-05 
