62  2.445717e-01 
51  2.445717e-01 
8  2.445717e-01 
36  1.222859e-01 
15  6.114294e-02 
71  6.114294e-02 
27  1.528573e-02 
86  3.821434e-03 
59  9.553584e-04 
42  4.776792e-04 
76  4.776792e-04 
54  4.776792e-04 
18  2.985495e-05 
80  2.985495e-05 
70  2.985495e-05 
16  2.985495e-05 
58  2.985495e-05 
55  2.985495e-05 
50  1.492747e-05 
6  1.492747e-05 
37  7.463737e-06 
69  9.329672e-07 
64  5.831045e-08 
26  3.644403e-09 
85  1.423595e-11 
96  8.897468e-13 
66  5.430584e-17 
89  5.430584e-17 
43  1.988561e-17 
13  1.988561e-17 
61  1.984389e-17 
22  1.981414e-17 
7  1.980820e-17 
10  1.980622e-17 
49  1.980622e-17 
40  1.980226e-17 
79  1.971532e-17 
17  1.967002e-17 
73  1.953867e-17 
53  1.952304e-17 
19  1.947819e-17 
3  1.945872e-17 
72  1.942372e-17 
74  1.941595e-17 
83  1.941401e-17 
78  1.936941e-17 
45  1.936941e-17 
57  1.936941e-17 
23  1.935005e-17 
35  1.935005e-17 
28  1.934231e-17 
39  1.934037e-17 
47  1.932684e-17 
95  1.931138e-17 
46  1.928629e-17 
63  1.928629e-17 
91  1.928629e-17 
48  1.928437e-17 
9  1.927858e-17 
4  1.927665e-17 
44  1.927665e-17 
29  1.927473e-17 
21  1.927473e-17 
65  1.927473e-17 
87  1.924776e-17 
{68, 75}  4.013078e-19 
