20  4.993461e-01 
85  4.993461e-01 
50  4.979001e-05 
33  4.977009e-05 
41  4.969052e-05 
40  4.962100e-05 
30  4.962100e-05 
76  4.864325e-05 
80  4.839579e-05 
73  4.826047e-05 
83  4.826047e-05 
66  4.826047e-05 
69  4.821223e-05 
26  4.821223e-05 
81  4.819295e-05 
75  4.818813e-05 
2  4.815440e-05 
61  4.811589e-05 
89  4.805338e-05 
79  4.805338e-05 
96  4.805338e-05 
3  4.804858e-05 
38  4.803416e-05 
21  4.802936e-05 
94  4.802936e-05 
90  4.802456e-05 
63  4.802456e-05 
92  4.802456e-05 
13  4.795737e-05 
