22  1.055048e-02 
95  1.055048e-02 
94  1.055048e-02 
1  1.055048e-02 
7  1.055048e-02 
92  1.055048e-02 
37  1.055048e-02 
36  1.055048e-02 
12  1.055048e-02 
30  1.055048e-02 
73  1.055048e-02 
26  1.054942e-02 
56  1.054942e-02 
41  1.054942e-02 
20  1.054837e-02 
42  1.054837e-02 
9  1.054837e-02 
69  1.054731e-02 
87  1.054731e-02 
46  1.054731e-02 
17  1.054626e-02 
49  1.054626e-02 
39  1.054309e-02 
77  1.054309e-02 
34  1.054204e-02 
59  1.053782e-02 
10  1.053677e-02 
43  1.053677e-02 
93  1.053677e-02 
18  1.053572e-02 
68  1.053466e-02 
80  1.053466e-02 
88  1.053256e-02 
33  1.053150e-02 
35  1.053045e-02 
60  1.052834e-02 
82  1.052729e-02 
52  1.052729e-02 
15  1.052729e-02 
96  1.052308e-02 
5  1.052308e-02 
25  1.052308e-02 
44  1.052308e-02 
47  1.052308e-02 
85  1.052308e-02 
76  1.052203e-02 
86  1.052203e-02 
4  1.052098e-02 
57  1.051782e-02 
75  1.051361e-02 
64  1.050941e-02 
32  1.050100e-02 
53  1.049680e-02 
63  1.049051e-02 
58  1.048212e-02 
81  1.048212e-02 
28  1.046745e-02 
72  1.046641e-02 
67  1.046641e-02 
29  1.044445e-02 
16  1.042879e-02 
70  1.042567e-02 
24  1.042462e-02 
45  1.042462e-02 
91  1.042254e-02 
21  1.037678e-02 
48  1.035294e-02 
90  1.028380e-02 
13  1.027558e-02 
14  1.025197e-02 
40  1.024172e-02 
11  1.023353e-02 
71  1.022944e-02 
54  1.022330e-02 
55  1.021921e-02 
2  1.021819e-02 
27  1.019471e-02 
78  1.019471e-02 
79  1.019471e-02 
31  1.018452e-02 
84  1.018452e-02 
38  1.018045e-02 
51  1.017943e-02 
8  1.017231e-02 
3  1.016418e-02 
65  1.015097e-02 
50  1.015097e-02 
89  1.015097e-02 
61  1.014995e-02 
23  1.014691e-02 
74  1.014590e-02 
62  1.014590e-02 
6  1.014488e-02 
66  1.014488e-02 
83  1.014488e-02 
19  1.013069e-02 
