87  6.502100e-01 
17  3.199580e-01 
59  1.071533e-03 
43  5.357664e-04 
93  5.357664e-04 
10  5.357664e-04 
18  4.383296e-04 
80  4.382858e-04 
68  4.382858e-04 
88  4.381982e-04 
35  4.381105e-04 
60  4.380229e-04 
52  4.379791e-04 
82  4.379791e-04 
15  4.379791e-04 
96  4.378039e-04 
85  4.378039e-04 
25  4.378039e-04 
44  4.378039e-04 
5  4.378039e-04 
47  4.378039e-04 
76  4.377602e-04 
86  4.377602e-04 
4  4.377164e-04 
57  4.375851e-04 
75  4.374101e-04 
64  4.372351e-04 
32  4.368855e-04 
53  4.367107e-04 
81  4.360997e-04 
58  4.360997e-04 
28  4.354896e-04 
72  4.354460e-04 
67  4.354460e-04 
29  4.345325e-04 
16  4.338812e-04 
70  4.337510e-04 
45  4.337077e-04 
24  4.337077e-04 
91  4.336209e-04 
21  4.317171e-04 
48  4.307252e-04 
90  4.278489e-04 
13  4.275067e-04 
14  4.265245e-04 
40  4.260982e-04 
54  4.253319e-04 
55  4.251618e-04 
2  4.251192e-04 
78  4.241425e-04 
79  4.241425e-04 
27  4.241425e-04 
84  4.237186e-04 
31  4.237186e-04 
38  4.235491e-04 
51  4.235068e-04 
8  4.232104e-04 
3  4.228720e-04 
50  4.223226e-04 
89  4.223226e-04 
65  4.223226e-04 
61  4.222803e-04 
23  4.221537e-04 
62  4.221114e-04 
74  4.221114e-04 
66  4.220692e-04 
6  4.220692e-04 
83  4.220692e-04 
19  4.214787e-04 
