46  9.966392e-01 
10  8.212206e-04 
43  8.212206e-04 
93  8.212206e-04 
18  4.106103e-04 
80  2.053052e-04 
68  2.053052e-04 
88  5.132629e-05 
35  1.283157e-05 
60  3.207893e-06 
52  1.603946e-06 
15  1.603946e-06 
82  1.603946e-06 
85  1.002467e-07 
96  1.002467e-07 
5  1.002467e-07 
25  1.002467e-07 
47  1.002467e-07 
44  1.002467e-07 
86  6.710641e-08 
76  6.710641e-08 
4  6.709970e-08 
57  6.707957e-08 
75  6.705274e-08 
64  6.702592e-08 
32  6.697232e-08 
53  6.694554e-08 
58  6.685187e-08 
81  6.685187e-08 
28  6.675834e-08 
67  6.675167e-08 
72  6.675167e-08 
29  6.661163e-08 
16  6.651178e-08 
70  6.649183e-08 
24  6.648518e-08 
45  6.648518e-08 
91  6.647188e-08 
21  6.618004e-08 
48  6.602799e-08 
90  6.558706e-08 
13  6.553461e-08 
14  6.538404e-08 
40  6.531869e-08 
54  6.520121e-08 
55  6.517514e-08 
2  6.516862e-08 
78  6.501890e-08 
27  6.501890e-08 
79  6.501890e-08 
84  6.495391e-08 
31  6.495391e-08 
38  6.492793e-08 
51  6.492144e-08 
8  6.487601e-08 
3  6.482412e-08 
89  6.473990e-08 
65  6.473990e-08 
50  6.473990e-08 
61  6.473343e-08 
23  6.471401e-08 
62  6.470754e-08 
74  6.470754e-08 
83  6.470107e-08 
6  6.470107e-08 
66  6.470107e-08 
19  6.461055e-08 
