79  6.502100e-01 
35  3.199580e-01 
32  1.071533e-03 
37  5.357664e-04 
93  5.357664e-04 
13  5.357664e-04 
12  4.383296e-04 
47  4.382858e-04 
42  4.382858e-04 
5  4.381982e-04 
61  4.381105e-04 
87  4.380229e-04 
6  4.379791e-04 
27  4.379791e-04 
20  4.379791e-04 
55  4.378039e-04 
85  4.378039e-04 
80  4.378039e-04 
34  4.378039e-04 
71  4.378039e-04 
74  4.378039e-04 
51  4.377602e-04 
39  4.377602e-04 
86  4.377164e-04 
18  4.375851e-04 
58  4.374101e-04 
4  4.372351e-04 
59  4.368855e-04 
23  4.367107e-04 
49  4.360997e-04 
24  4.360997e-04 
15  4.354896e-04 
22  4.354460e-04 
56  4.354460e-04 
54  4.345325e-04 
89  4.338812e-04 
73  4.337510e-04 
43  4.337077e-04 
90  4.337077e-04 
40  4.336209e-04 
96  4.317171e-04 
64  4.307252e-04 
44  4.278489e-04 
68  4.275067e-04 
95  4.265245e-04 
26  4.260982e-04 
50  4.253319e-04 
92  4.251618e-04 
9  4.251192e-04 
62  4.241425e-04 
2  4.241425e-04 
91  4.241425e-04 
38  4.237186e-04 
21  4.237186e-04 
30  4.235491e-04 
25  4.235068e-04 
31  4.232104e-04 
65  4.228720e-04 
46  4.223226e-04 
57  4.223226e-04 
69  4.223226e-04 
84  4.222803e-04 
29  4.221537e-04 
72  4.221114e-04 
41  4.221114e-04 
45  4.220692e-04 
28  4.220692e-04 
48  4.220692e-04 
88  4.214787e-04 
