90  3.333330e-01 
5  3.333330e-01 
94  3.333330e-01 
86  6.359095e-07 
59  1.589774e-07 
37  3.325339e-09 
75  3.308423e-09 
13  3.308092e-09 
22  3.296203e-09 
7  3.295215e-09 
49  3.294885e-09 
10  3.294885e-09 
40  3.294226e-09 
79  3.279763e-09 
73  3.250376e-09 
53  3.247776e-09 
19  3.240315e-09 
3  3.237076e-09 
41  3.234487e-09 
88  3.233194e-09 
72  3.231254e-09 
74  3.229962e-09 
83  3.229639e-09 
57  3.222219e-09 
78  3.222219e-09 
45  3.222219e-09 
35  3.218998e-09 
23  3.218998e-09 
28  3.217711e-09 
39  3.217389e-09 
47  3.215137e-09 
95  3.212566e-09 
63  3.208392e-09 
46  3.208392e-09 
91  3.208392e-09 
48  3.208071e-09 
9  3.207109e-09 
44  3.206788e-09 
4  3.206788e-09 
21  3.206468e-09 
29  3.206468e-09 
65  3.206468e-09 
87  3.201982e-09 
