64  9.964164e-01 
14  9.947239e-05 
52  9.944255e-05 
37  9.944255e-05 
82  9.944255e-05 
53  9.887731e-05 
48  9.886742e-05 
12  9.866001e-05 
49  9.802076e-05 
22  9.779556e-05 
76  9.706481e-05 
67  9.684180e-05 
1  9.674500e-05 
42  9.666763e-05 
5  9.662897e-05 
80  9.657101e-05 
58  9.653239e-05 
77  9.652273e-05 
83  9.630098e-05 
73  9.630098e-05 
66  9.630098e-05 
69  9.620472e-05 
26  9.620472e-05 
81  9.616624e-05 
75  9.615663e-05 
2  9.608934e-05 
61  9.601249e-05 
96  9.588775e-05 
79  9.588775e-05 
89  9.588775e-05 
3  9.587816e-05 
38  9.584940e-05 
21  9.583982e-05 
94  9.583982e-05 
63  9.583023e-05 
90  9.583023e-05 
92  9.583023e-05 
13  9.569616e-05 
