75  6.456583e-01 
8  3.228292e-01 
32  2.017682e-02 
12  5.044206e-03 
42  2.522103e-03 
47  2.522103e-03 
5  6.305257e-04 
83  3.152629e-04 
61  1.576314e-04 
87  3.940786e-05 
27  1.970393e-05 
20  1.970393e-05 
6  1.970393e-05 
71  1.231496e-06 
85  1.231496e-06 
80  1.231496e-06 
74  1.231496e-06 
34  1.231496e-06 
55  1.231496e-06 
51  8.243790e-07 
39  8.243790e-07 
86  8.242966e-07 
18  8.240493e-07 
58  8.237198e-07 
4  8.233903e-07 
59  8.227318e-07 
49  8.212522e-07 
24  8.212522e-07 
15  8.201032e-07 
22  8.200212e-07 
56  8.200212e-07 
54  8.183008e-07 
89  8.170743e-07 
73  8.168292e-07 
90  8.167475e-07 
43  8.167475e-07 
40  8.165841e-07 
96  8.129989e-07 
64  8.111310e-07 
68  8.050700e-07 
95  8.032204e-07 
26  8.024175e-07 
10  8.017758e-07 
50  8.009744e-07 
92  8.006541e-07 
9  8.005740e-07 
91  7.987347e-07 
62  7.987347e-07 
2  7.987347e-07 
38  7.979363e-07 
21  7.979363e-07 
30  7.976172e-07 
25  7.975374e-07 
31  7.969793e-07 
65  7.963420e-07 
69  7.953073e-07 
46  7.953073e-07 
57  7.953073e-07 
84  7.952278e-07 
29  7.949893e-07 
72  7.949098e-07 
41  7.949098e-07 
48  7.948303e-07 
28  7.948303e-07 
45  7.948303e-07 
88  7.937182e-07 
