19  3.333330e-01 
76  3.333330e-01 
52  3.333330e-01 
61  6.359095e-07 
87  1.589774e-07 
86  3.325339e-09 
15  3.308423e-09 
56  3.308092e-09 
89  3.296203e-09 
73  3.295215e-09 
90  3.294885e-09 
43  3.294885e-09 
40  3.294226e-09 
96  3.279763e-09 
44  3.250376e-09 
68  3.247776e-09 
95  3.240315e-09 
26  3.237076e-09 
10  3.234487e-09 
11  3.233194e-09 
50  3.231254e-09 
92  3.229962e-09 
9  3.229639e-09 
2  3.222219e-09 
62  3.222219e-09 
91  3.222219e-09 
38  3.218998e-09 
21  3.218998e-09 
30  3.217711e-09 
25  3.217389e-09 
31  3.215137e-09 
65  3.212566e-09 
69  3.208392e-09 
46  3.208392e-09 
57  3.208392e-09 
84  3.208071e-09 
29  3.207109e-09 
72  3.206788e-09 
41  3.206788e-09 
45  3.206468e-09 
28  3.206468e-09 
48  3.206468e-09 
88  3.201982e-09 
