77  4.993461e-01 
24  4.993461e-01 
69  4.979001e-05 
64  4.977009e-05 
96  4.969052e-05 
89  4.962100e-05 
66  4.962100e-05 
53  4.864325e-05 
72  4.839579e-05 
45  4.826047e-05 
57  4.826047e-05 
78  4.826047e-05 
35  4.821223e-05 
23  4.821223e-05 
28  4.819295e-05 
39  4.818813e-05 
47  4.815440e-05 
95  4.811589e-05 
63  4.805338e-05 
91  4.805338e-05 
46  4.805338e-05 
48  4.804858e-05 
9  4.803416e-05 
4  4.802936e-05 
44  4.802936e-05 
29  4.802456e-05 
21  4.802456e-05 
65  4.802456e-05 
87  4.795737e-05 
