69  6.769936e-01 
49  2.856120e-01 
77  3.570150e-02 
43  5.578359e-04 
10  5.578359e-04 
93  5.578359e-04 
33  1.743237e-05 
44  6.809520e-08 
96  6.809520e-08 
5  6.809520e-08 
85  6.809520e-08 
25  6.809520e-08 
47  6.809520e-08 
86  4.558381e-08 
76  4.558381e-08 
64  4.552914e-08 
32  4.549273e-08 
58  4.541091e-08 
81  4.541091e-08 
28  4.534737e-08 
67  4.534284e-08 
48  4.485126e-08 
90  4.455175e-08 
14  4.441384e-08 
40  4.436945e-08 
71  4.431624e-08 
54  4.428965e-08 
55  4.427194e-08 
2  4.426751e-08 
27  4.416581e-08 
78  4.416581e-08 
79  4.416581e-08 
84  4.412166e-08 
31  4.412166e-08 
38  4.410402e-08 
51  4.409961e-08 
8  4.406875e-08 
3  4.403350e-08 
89  4.397629e-08 
50  4.397629e-08 
65  4.397629e-08 
61  4.397190e-08 
23  4.395871e-08 
74  4.395431e-08 
62  4.395431e-08 
83  4.394992e-08 
66  4.394992e-08 
6  4.394992e-08 
19  4.388843e-08 
{34, 45}  4.558152e-10 
{24, 34}  4.558152e-10 
{34, 91}  4.557240e-10 
{24, 53}  4.538593e-10 
{45, 53}  4.538593e-10 
{53, 91}  4.537685e-10 
{11, 34}  4.474597e-10 
{11, 53}  4.455397e-10 
{13, 24}  4.442939e-10 
{13, 45}  4.442939e-10 
{13, 91}  4.442050e-10 
{11, 13}  4.361496e-10 
