23  1.287077e-01 
5  1.287077e-01 
33  1.287077e-01 
25  1.287077e-01 
17  6.435386e-02 
9  6.435386e-02 
12  6.435386e-02 
28  6.435386e-02 
6  6.435386e-02 
44  3.217693e-02 
35  3.217693e-02 
24  3.217693e-02 
18  3.217693e-02 
2  3.217693e-02 
45  2.011058e-03 
42  5.027645e-04 
29  9.819620e-07 
13  1.227452e-07 
19  1.227452e-07 
31  6.137262e-08 
27  7.671578e-09 
20  7.671578e-09 
11  7.671578e-09 
37  3.835789e-09 
41  3.835789e-09 
4  3.835789e-09 
38  3.835789e-09 
1  2.397368e-10 
15  2.397368e-10 
34  2.397368e-10 
7  2.397368e-10 
22  2.397368e-10 
