41  2.226154e-02 
36  2.226154e-02 
4  2.226154e-02 
26  2.226154e-02 
40  2.226154e-02 
35  2.225932e-02 
44  2.225932e-02 
3  2.225932e-02 
38  2.225932e-02 
19  2.225709e-02 
6  2.225709e-02 
37  2.224819e-02 
31  2.224819e-02 
2  2.223707e-02 
22  2.223707e-02 
24  2.223707e-02 
20  2.223707e-02 
43  2.223485e-02 
42  2.223485e-02 
5  2.223485e-02 
1  2.223485e-02 
21  2.223485e-02 
28  2.223262e-02 
9  2.223262e-02 
14  2.223262e-02 
39  2.223262e-02 
25  2.223262e-02 
33  2.222373e-02 
11  2.221929e-02 
29  2.219930e-02 
12  2.219264e-02 
45  2.219264e-02 
27  2.219042e-02 
7  2.218376e-02 
16  2.218376e-02 
10  2.218376e-02 
15  2.218154e-02 
30  2.218154e-02 
23  2.218154e-02 
34  2.218154e-02 
17  2.217267e-02 
18  2.217267e-02 
8  2.217267e-02 
13  2.217267e-02 
32  2.217267e-02 
