6  1.287077e-01 
44  1.287077e-01 
3  1.287077e-01 
22  1.287077e-01 
31  6.435386e-02 
32  6.435386e-02 
18  6.435386e-02 
36  6.435386e-02 
27  6.435386e-02 
12  3.217693e-02 
20  3.217693e-02 
35  3.217693e-02 
9  3.217693e-02 
10  3.217693e-02 
40  2.011058e-03 
34  5.027645e-04 
24  9.819620e-07 
19  1.227452e-07 
17  1.227452e-07 
8  6.137262e-08 
15  7.671578e-09 
26  7.671578e-09 
11  7.671578e-09 
21  3.835789e-09 
16  3.835789e-09 
25  3.835789e-09 
41  3.835789e-09 
1  2.397368e-10 
5  2.397368e-10 
2  2.397368e-10 
42  2.397368e-10 
29  2.397368e-10 
