22  1.287077e-01 
24  1.287077e-01 
20  1.287077e-01 
2  1.287077e-01 
1  6.435386e-02 
43  6.435386e-02 
5  6.435386e-02 
42  6.435386e-02 
21  6.435386e-02 
39  3.217693e-02 
25  3.217693e-02 
9  3.217693e-02 
28  3.217693e-02 
14  3.217693e-02 
33  2.011058e-03 
11  5.027645e-04 
29  9.819620e-07 
45  1.227452e-07 
12  1.227452e-07 
27  6.137262e-08 
10  7.671578e-09 
7  7.671578e-09 
16  7.671578e-09 
23  3.835789e-09 
15  3.835789e-09 
30  3.835789e-09 
34  3.835789e-09 
13  2.397368e-10 
17  2.397368e-10 
18  2.397368e-10 
8  2.397368e-10 
32  2.397368e-10 
