3  1.068753e-02 
36  1.068753e-02 
75  1.068753e-02 
9  1.068753e-02 
10  1.068753e-02 
64  1.068753e-02 
62  1.068753e-02 
15  1.068753e-02 
81  1.068753e-02 
19  1.068753e-02 
21  1.068753e-02 
54  1.068753e-02 
25  1.068753e-02 
26  1.068753e-02 
87  1.068753e-02 
31  1.068753e-02 
35  1.068646e-02 
69  1.068646e-02 
52  1.068646e-02 
24  1.068646e-02 
5  1.068646e-02 
67  1.068646e-02 
39  1.068646e-02 
7  1.068646e-02 
4  1.068646e-02 
16  1.068539e-02 
18  1.068539e-02 
45  1.068539e-02 
20  1.068539e-02 
32  1.068539e-02 
60  1.068539e-02 
58  1.068539e-02 
38  1.068539e-02 
17  1.068433e-02 
90  1.068433e-02 
88  1.068433e-02 
86  1.068433e-02 
55  1.068433e-02 
59  1.068433e-02 
79  1.068433e-02 
66  1.068433e-02 
92  1.068326e-02 
44  1.068326e-02 
93  1.068326e-02 
2  1.068326e-02 
89  1.068219e-02 
71  1.068219e-02 
94  1.068219e-02 
27  1.068219e-02 
91  1.068112e-02 
41  1.068005e-02 
48  1.068005e-02 
70  1.068005e-02 
74  1.067898e-02 
85  1.067898e-02 
68  1.067898e-02 
40  1.067792e-02 
8  1.067792e-02 
28  1.067578e-02 
6  1.067365e-02 
80  1.067258e-02 
30  1.067151e-02 
51  1.066938e-02 
49  1.066938e-02 
13  1.066938e-02 
1  1.066831e-02 
43  1.066724e-02 
53  1.066618e-02 
22  1.066618e-02 
37  1.066404e-02 
46  1.066298e-02 
83  1.065658e-02 
34  1.065552e-02 
82  1.063103e-02 
73  1.062572e-02 
23  1.062572e-02 
14  1.061935e-02 
61  1.061298e-02 
56  1.058859e-02 
29  1.058648e-02 
57  1.058648e-02 
77  1.058648e-02 
63  1.057061e-02 
33  1.050317e-02 
12  1.050317e-02 
84  1.049477e-02 
78  1.049477e-02 
11  1.042990e-02 
72  1.042052e-02 
47  1.037788e-02 
65  1.026229e-02 
76  1.026126e-02 
42  1.025203e-02 
50  1.024588e-02 
