6  3.187335e-02 
2  3.187335e-02 
30  3.187335e-02 
4  3.187335e-02 
5  3.187335e-02 
27  3.187017e-02 
12  3.187017e-02 
16  3.187017e-02 
21  3.187017e-02 
8  3.184468e-02 
31  3.184468e-02 
23  3.179694e-02 
19  3.179059e-02 
9  3.173658e-02 
10  3.172706e-02 
18  3.168901e-02 
7  3.167000e-02 
25  3.143650e-02 
29  3.132979e-02 
22  3.115794e-02 
32  3.106150e-02 
28  3.101184e-02 
3  3.095606e-02 
15  3.095297e-02 
11  3.080782e-02 
26  3.067256e-02 
17  3.027638e-02 
20  3.016154e-02 
13  2.989727e-02 
1  2.982858e-02 
14  2.978685e-02 
24  2.971544e-02 
