47  7.271596e-01 
34  4.545657e-02 
56  4.545657e-02 
64  4.545657e-02 
54  4.545657e-02 
50  1.136414e-02 
57  1.136414e-02 
63  1.136414e-02 
69  1.136414e-02 
7  1.136414e-02 
14  1.136414e-02 
36  5.682071e-03 
62  5.682071e-03 
3  2.841035e-03 
45  2.841035e-03 
49  2.841035e-03 
38  1.420518e-03 
{16, 24}  3.748927e-04 
{24, 67}  3.748927e-04 
{24, 32}  1.338902e-04 
{23, 24}  1.338902e-04 
{17, 24}  1.338902e-04 
{24, 44}  1.338902e-04 
{10, 24}  7.872747e-05 
{24, 27}  7.872747e-05 
{24, 55}  7.872747e-05 
