35  2.462950e-02 
16  2.462950e-02 
36  2.462950e-02 
10  2.462950e-02 
9  2.462950e-02 
11  2.462704e-02 
17  2.462704e-02 
27  2.462211e-02 
39  2.462211e-02 
15  2.461719e-02 
37  2.460980e-02 
31  2.460734e-02 
38  2.460488e-02 
18  2.458521e-02 
8  2.458029e-02 
7  2.457537e-02 
24  2.457537e-02 
5  2.456800e-02 
22  2.456800e-02 
12  2.456063e-02 
19  2.456063e-02 
33  2.456063e-02 
30  2.455818e-02 
23  2.455818e-02 
2  2.455326e-02 
1  2.454590e-02 
14  2.453854e-02 
25  2.452627e-02 
40  2.452627e-02 
3  2.450666e-02 
26  2.449930e-02 
41  2.449930e-02 
13  2.403578e-02 
6  2.379423e-02 
32  2.368503e-02 
4  2.368029e-02 
20  2.366372e-02 
29  2.366135e-02 
21  2.364952e-02 
28  2.364952e-02 
34  2.364952e-02 
