37  9.817049e-01 
18  6.615375e-04 
9  6.614051e-04 
10  6.612729e-04 
2  6.612729e-04 
29  6.610745e-04 
12  6.610745e-04 
33  6.608762e-04 
6  6.608762e-04 
31  6.608762e-04 
40  6.608101e-04 
14  6.608101e-04 
30  6.606780e-04 
28  6.604798e-04 
32  6.602817e-04 
35  6.599516e-04 
24  6.599516e-04 
27  6.594238e-04 
11  6.592260e-04 
39  6.592260e-04 
41  6.467537e-04 
8  6.402540e-04 
1  6.373154e-04 
34  6.371880e-04 
17  6.367421e-04 
15  6.366784e-04 
36  6.363601e-04 
25  6.363601e-04 
23  6.363601e-04 
