114  9.963238e-01 
103  3.283843e-03 
71  2.052402e-04 
44  1.026201e-04 
109  2.565502e-05 
107  1.282751e-05 
54  6.413756e-06 
116  6.413756e-06 
97  6.413756e-06 
25  6.413756e-06 
2  6.413756e-06 
52  6.413756e-06 
34  1.603439e-06 
84  1.603439e-06 
23  2.004299e-07 
87  2.004299e-07 
24  6.707846e-08 
26  6.707846e-08 
41  6.707846e-08 
70  6.707175e-08 
111  6.707175e-08 
82  6.705834e-08 
113  6.701812e-08 
36  6.701812e-08 
27  6.700471e-08 
101  6.698461e-08 
67  6.698461e-08 
112  6.697791e-08 
51  6.693774e-08 
100  6.691097e-08 
110  6.691097e-08 
95  6.671053e-08 
72  6.659055e-08 
83  6.653064e-08 
108  6.572386e-08 
35  6.567786e-08 
28  6.567130e-08 
47  6.564503e-08 
96  6.564503e-08 
9  6.564503e-08 
104  6.561878e-08 
19  6.561878e-08 
13  6.561878e-08 
31  6.561222e-08 
1  6.560566e-08 
94  6.560566e-08 
63  6.558598e-08 
77  6.558598e-08 
22  6.557942e-08 
17  6.512194e-08 
92  6.498532e-08 
5  6.497882e-08 
20  6.497882e-08 
53  6.496583e-08 
18  6.488791e-08 
89  6.488791e-08 
66  6.488791e-08 
30  6.485547e-08 
55  6.471294e-08 
98  6.468706e-08 
43  6.468706e-08 
12  6.468706e-08 
4  6.467412e-08 
40  6.467412e-08 
106  6.467412e-08 
76  6.462887e-08 
59  6.462240e-08 
56  6.460302e-08 
32  6.460302e-08 
85  6.460302e-08 
68  6.460302e-08 
15  6.459010e-08 
42  6.459010e-08 
11  6.459010e-08 
39  6.459010e-08 
45  6.453199e-08 
