110  9.680624e-01 
39  2.552556e-02 
24  6.381389e-03 
44  2.492730e-05 
17  1.557956e-06 
7  1.557956e-06 
73  1.947445e-07 
23  1.947445e-07 
72  6.513664e-08 
79  6.511710e-08 
67  6.503250e-08 
60  6.381487e-08 
88  6.380849e-08 
54  6.378297e-08 
80  6.378297e-08 
115  6.378297e-08 
34  6.327471e-08 
15  6.314197e-08 
50  6.313566e-08 
13  6.313566e-08 
89  6.312303e-08 
42  6.304732e-08 
56  6.304732e-08 
69  6.304732e-08 
36  6.301581e-08 
94  6.287732e-08 
4  6.285217e-08 
66  6.285217e-08 
30  6.285217e-08 
85  6.283960e-08 
29  6.283960e-08 
61  6.283960e-08 
41  6.279563e-08 
35  6.278935e-08 
59  6.277051e-08 
5  6.277051e-08 
92  6.277051e-08 
57  6.277051e-08 
63  6.275796e-08 
95  6.275796e-08 
52  6.275796e-08 
19  6.275796e-08 
93  6.270150e-08 
