26  2.500000e-01 
41  2.500000e-01 
24  2.500000e-01 
70  1.250000e-01 
111  1.250000e-01 
100  7.450580e-09 
110  7.450580e-09 
72  2.646978e-23 
{4, 92}  5.169628e-55 
{4, 20}  5.169111e-55 
{4, 5}  5.169111e-55 
{4, 53}  5.168078e-55 
{66, 92}  1.296550e-55 
{18, 92}  1.296550e-55 
{89, 92}  1.296550e-55 
{5, 89}  1.296420e-55 
{5, 66}  1.296420e-55 
{5, 18}  1.296420e-55 
{20, 66}  1.296420e-55 
{20, 89}  1.296420e-55 
{18, 20}  1.296420e-55 
{53, 89}  1.296161e-55 
{53, 66}  1.296161e-55 
{18, 53}  1.296161e-55 
35  6.562883e-57 
28  6.562226e-57 
9  6.559602e-57 
47  6.559602e-57 
96  6.559602e-57 
30  6.480705e-57 
55  6.466462e-57 
98  6.463876e-57 
12  6.463876e-57 
43  6.463876e-57 
106  6.462583e-57 
40  6.462583e-57 
76  6.458061e-57 
59  6.457415e-57 
56  6.455478e-57 
68  6.455478e-57 
32  6.455478e-57 
85  6.455478e-57 
42  6.454187e-57 
15  6.454187e-57 
11  6.454187e-57 
39  6.454187e-57 
45  6.448381e-57 
