17  9.999378e-01 
75  1.525784e-05 
11  1.525784e-05 
60  1.525784e-05 
16  7.628920e-06 
87  3.814460e-06 
12  3.814460e-06 
58  4.768075e-07 
105  4.768075e-07 
4  2.384037e-07 
3  2.019358e-28 
32  2.938553e-39 
36  2.938553e-39 
66  2.938553e-39 
63  9.182978e-41 
33  2.189393e-47 
85  1.368370e-48 
43  1.368370e-48 
15  1.368370e-48 
21  3.420926e-49 
106  3.420926e-49 
90  3.420926e-49 
107  2.672598e-51 
48  1.336299e-51 
68  1.670374e-52 
44  1.670374e-52 
10  1.670374e-52 
64  1.670374e-52 
95  4.175935e-53 
67  4.175935e-53 
74  4.175935e-53 
47  4.175935e-53 
97  8.156123e-56 
