31  8.888368e-01 
46  1.111046e-01 
74  5.425029e-05 
112  1.155733e-07 
28  1.152616e-07 
84  1.138639e-07 
1  1.136819e-07 
97  1.136819e-07 
75  1.136819e-07 
99  1.136705e-07 
68  1.136591e-07 
83  1.136591e-07 
37  1.136250e-07 
8  1.136250e-07 
27  1.136137e-07 
34  1.128211e-07 
15  1.125844e-07 
13  1.125732e-07 
50  1.125732e-07 
89  1.125507e-07 
69  1.124157e-07 
42  1.124157e-07 
56  1.124157e-07 
36  1.123595e-07 
94  1.121125e-07 
4  1.120677e-07 
66  1.120677e-07 
30  1.120677e-07 
85  1.120453e-07 
29  1.120453e-07 
61  1.120453e-07 
41  1.119669e-07 
35  1.119557e-07 
92  1.119221e-07 
59  1.119221e-07 
57  1.119221e-07 
5  1.119221e-07 
63  1.118997e-07 
95  1.118997e-07 
52  1.118997e-07 
19  1.118997e-07 
93  1.117990e-07 
