84  8.735597e-03 
53  8.735597e-03 
45  8.735597e-03 
91  8.735597e-03 
70  8.735597e-03 
75  8.735597e-03 
29  8.735597e-03 
28  8.735597e-03 
9  8.735597e-03 
3  8.735597e-03 
100  8.735597e-03 
99  8.735597e-03 
114  8.735597e-03 
97  8.735597e-03 
47  8.735597e-03 
46  8.734724e-03 
16  8.734724e-03 
17  8.734724e-03 
18  8.734724e-03 
85  8.734724e-03 
30  8.734724e-03 
57  8.734724e-03 
7  8.733850e-03 
8  8.733850e-03 
42  8.732977e-03 
81  8.732977e-03 
73  8.732977e-03 
105  8.732977e-03 
49  8.731230e-03 
43  8.731230e-03 
102  8.728611e-03 
92  8.727738e-03 
103  8.726866e-03 
86  8.725993e-03 
32  8.722503e-03 
34  8.721631e-03 
109  8.721631e-03 
26  8.720759e-03 
50  8.719887e-03 
21  8.719015e-03 
1  8.718143e-03 
13  8.718143e-03 
25  8.718143e-03 
27  8.718143e-03 
54  8.718143e-03 
68  8.718143e-03 
101  8.718143e-03 
20  8.716399e-03 
67  8.716399e-03 
58  8.713785e-03 
15  8.713785e-03 
80  8.712913e-03 
33  8.711171e-03 
94  8.711171e-03 
51  8.711171e-03 
88  8.710300e-03 
59  8.710300e-03 
10  8.708558e-03 
41  8.708558e-03 
6  8.705945e-03 
40  8.703334e-03 
36  8.703334e-03 
24  8.701593e-03 
110  8.698983e-03 
72  8.698983e-03 
104  8.698113e-03 
69  8.692896e-03 
116  8.692896e-03 
11  8.692026e-03 
76  8.689419e-03 
112  8.689419e-03 
79  8.663388e-03 
22  8.647808e-03 
31  8.640028e-03 
66  8.535254e-03 
98  8.529282e-03 
64  8.528429e-03 
61  8.525018e-03 
23  8.525018e-03 
37  8.525018e-03 
5  8.521608e-03 
78  8.521608e-03 
65  8.521608e-03 
111  8.520756e-03 
74  8.519904e-03 
4  8.519904e-03 
62  8.517348e-03 
77  8.517348e-03 
90  8.516497e-03 
35  8.457086e-03 
19  8.439344e-03 
56  8.438500e-03 
39  8.438500e-03 
38  8.436813e-03 
48  8.426694e-03 
89  8.426694e-03 
71  8.426694e-03 
108  8.422482e-03 
115  8.403972e-03 
87  8.400610e-03 
93  8.400610e-03 
113  8.400610e-03 
14  8.398930e-03 
12  8.398930e-03 
107  8.398930e-03 
52  8.393053e-03 
83  8.392214e-03 
60  8.389696e-03 
2  8.389696e-03 
96  8.389696e-03 
44  8.389696e-03 
63  8.388018e-03 
82  8.388018e-03 
95  8.388018e-03 
55  8.388018e-03 
106  8.380472e-03 
