91  9.411765e-01 
116  5.882353e-02 
27  5.349969e-14 
111  3.986037e-22 
79  5.856956e-61 
49  2.928478e-61 
73  1.830299e-62 
7  1.830299e-62 
80  1.830299e-62 
60  1.143937e-63 
11  1.143937e-63 
75  1.143937e-63 
16  5.719683e-64 
87  2.859842e-64 
12  2.859842e-64 
58  3.574802e-65 
105  3.574802e-65 
4  1.787401e-65 
{17, 71}  3.570359e-69 
{3, 17}  1.040678e-92 
36  5.004701e-97 
66  5.004701e-97 
32  5.004701e-97 
63  5.002199e-97 
33  4.991206e-97 
85  4.989210e-97 
15  4.989210e-97 
43  4.989210e-97 
90  4.988212e-97 
106  4.988212e-97 
21  4.988212e-97 
107  4.984721e-97 
48  4.984223e-97 
10  4.982728e-97 
44  4.982728e-97 
68  4.982728e-97 
64  4.982728e-97 
47  4.981731e-97 
95  4.981731e-97 
67  4.981731e-97 
74  4.981731e-97 
97  4.977250e-97 
{3, 39}  3.215364e-97 
