34  6.509827e-01 
21  8.137284e-02 
1  4.068642e-02 
68  4.068642e-02 
54  4.068642e-02 
13  4.068642e-02 
25  4.068642e-02 
27  4.068642e-02 
67  1.017161e-02 
20  1.017161e-02 
58  1.271451e-03 
15  1.271451e-03 
33  1.589313e-04 
51  1.589313e-04 
94  1.589313e-04 
59  7.946567e-05 
88  7.946567e-05 
{86, 109}  3.210734e-06 
40  3.104128e-07 
36  3.104128e-07 
{32, 109}  2.006709e-07 
72  9.700399e-09 
110  9.700399e-09 
{80, 86}  3.135482e-09 
{32, 80}  1.959677e-10 
69  7.578436e-11 
116  7.578436e-11 
76  4.736523e-12 
112  4.736523e-12 
22  4.225096e-12 
31  4.221294e-12 
66  4.170105e-12 
98  4.167187e-12 
64  4.166770e-12 
61  4.165104e-12 
37  4.165104e-12 
23  4.165104e-12 
65  4.163438e-12 
5  4.163438e-12 
78  4.163438e-12 
111  4.163022e-12 
74  4.162605e-12 
4  4.162605e-12 
62  4.161357e-12 
77  4.161357e-12 
90  4.160940e-12 
19  4.123246e-12 
39  4.122833e-12 
56  4.122833e-12 
38  4.122009e-12 
89  4.117065e-12 
71  4.117065e-12 
48  4.117065e-12 
108  4.115007e-12 
115  4.105964e-12 
113  4.104321e-12 
87  4.104321e-12 
93  4.104321e-12 
107  4.103501e-12 
12  4.103501e-12 
14  4.103501e-12 
52  4.100629e-12 
83  4.100219e-12 
2  4.098989e-12 
96  4.098989e-12 
44  4.098989e-12 
60  4.098989e-12 
63  4.098169e-12 
95  4.098169e-12 
55  4.098169e-12 
82  4.098169e-12 
106  4.094482e-12 
{10, 109}  3.061995e-12 
{41, 109}  3.061995e-12 
{24, 86}  1.148248e-12 
{35, 86}  1.667792e-13 
{32, 35}  1.667125e-13 
{10, 35}  1.664459e-13 
{35, 41}  1.664459e-13 
{11, 35}  1.661299e-13 
{86, 104}  8.576189e-14 
{24, 32}  8.576189e-14 
{32, 104}  8.572759e-14 
{24, 41}  8.562477e-14 
{10, 24}  8.562477e-14 
{10, 104}  8.559053e-14 
{41, 104}  8.559053e-14 
{11, 24}  8.546223e-14 
{11, 104}  8.542805e-14 
{79, 86}  8.541951e-14 
{32, 79}  8.538535e-14 
{41, 79}  8.524883e-14 
{10, 79}  8.524883e-14 
{11, 79}  8.508701e-14 
{35, 50}  8.332706e-14 
{6, 35}  8.319383e-14 
{10, 80}  4.286594e-14 
{41, 80}  4.286594e-14 
{11, 109}  4.282737e-14 
{11, 80}  4.278457e-14 
