71  6.150307e-02 
65  1.257821e-02 
105  1.257695e-02 
40  1.257695e-02 
44  1.257443e-02 
86  1.257317e-02 
70  1.257192e-02 
109  1.257192e-02 
16  1.257192e-02 
87  1.257192e-02 
43  1.257192e-02 
58  1.257192e-02 
7  1.256940e-02 
17  1.256940e-02 
23  1.256563e-02 
73  1.256563e-02 
55  1.256438e-02 
12  1.256186e-02 
76  1.256186e-02 
82  1.256186e-02 
108  1.256061e-02 
26  1.256061e-02 
74  1.255810e-02 
72  1.255433e-02 
79  1.255056e-02 
100  1.255056e-02 
91  1.254429e-02 
53  1.254429e-02 
111  1.253551e-02 
67  1.253426e-02 
22  1.253050e-02 
107  1.253050e-02 
112  1.249296e-02 
101  1.247049e-02 
28  1.245927e-02 
84  1.230819e-02 
60  1.229957e-02 
88  1.229834e-02 
115  1.229342e-02 
54  1.229342e-02 
80  1.229342e-02 
97  1.228851e-02 
1  1.228851e-02 
75  1.228851e-02 
99  1.228728e-02 
83  1.228605e-02 
68  1.228605e-02 
8  1.228236e-02 
37  1.228236e-02 
27  1.228114e-02 
34  1.219546e-02 
15  1.216988e-02 
50  1.216866e-02 
13  1.216866e-02 
89  1.216623e-02 
42  1.215164e-02 
56  1.215164e-02 
69  1.215164e-02 
36  1.214556e-02 
94  1.211887e-02 
66  1.211402e-02 
30  1.211402e-02 
4  1.211402e-02 
29  1.211160e-02 
61  1.211160e-02 
85  1.211160e-02 
41  1.210312e-02 
35  1.210191e-02 
57  1.209828e-02 
5  1.209828e-02 
92  1.209828e-02 
59  1.209828e-02 
19  1.209586e-02 
95  1.209586e-02 
52  1.209586e-02 
63  1.209586e-02 
93  1.208498e-02 
