74  1.000000e+00 
88  1.781694e-11 
35  1.135361e-68 
28  5.676805e-69 
96  3.548003e-70 
9  3.548003e-70 
47  3.548003e-70 
13  2.217502e-71 
104  2.217502e-71 
19  2.217502e-71 
31  1.108751e-71 
1  5.543755e-72 
94  5.543755e-72 
77  6.929694e-73 
63  6.929694e-73 
22  3.464847e-73 
{17, 105, 108}  1.147407e-77 
{17, 80, 108}  3.099312e-84 
66  4.270754e-105 
89  4.270754e-105 
18  4.270754e-105 
30  1.334610e-106 
{17, 67}  6.066411e-108 
{17, 101}  6.066411e-108 
{17, 51}  4.739384e-110 
{17, 73}  2.369692e-110 
{92, 108}  1.006804e-112 
{5, 108}  1.006703e-112 
{20, 108}  1.006703e-112 
{53, 108}  1.006502e-112 
55  3.181959e-113 
{17, 95, 108}  1.151582e-113 
{17, 83}  3.190781e-114 
12  1.988725e-114 
98  1.988725e-114 
43  1.988725e-114 
{17, 92}  1.558256e-114 
{5, 17}  1.558101e-114 
{17, 20}  1.558101e-114 
{17, 53}  1.557789e-114 
106  4.971811e-115 
4  4.971811e-115 
40  4.971811e-115 
76  9.665699e-117 
59  9.664732e-117 
68  9.661833e-117 
56  9.661833e-117 
85  9.661833e-117 
32  9.661833e-117 
39  9.659901e-117 
11  9.659901e-117 
15  9.659901e-117 
42  9.659901e-117 
45  9.651210e-117 
{17, 72}  3.895971e-118 
