105  9.999962e-01 
50  3.815827e-06 
51  3.726394e-09 
33  3.726394e-09 
94  3.726394e-09 
59  1.863197e-09 
88  1.863197e-09 
76  9.953070e-13 
112  9.953070e-13 
22  9.905407e-13 
66  9.776486e-13 
78  9.760856e-13 
5  9.760856e-13 
65  9.760856e-13 
111  9.759879e-13 
74  9.758903e-13 
4  9.758903e-13 
62  9.755976e-13 
77  9.755976e-13 
90  9.755000e-13 
35  9.686951e-13 
19  9.666628e-13 
56  9.665662e-13 
39  9.665662e-13 
38  9.663729e-13 
89  9.652138e-13 
48  9.652138e-13 
71  9.652138e-13 
108  9.647313e-13 
115  9.626112e-13 
113  9.622262e-13 
93  9.622262e-13 
87  9.622262e-13 
12  9.620337e-13 
14  9.620337e-13 
107  9.620337e-13 
52  9.613605e-13 
83  9.612644e-13 
2  9.609760e-13 
96  9.609760e-13 
44  9.609760e-13 
60  9.609760e-13 
55  9.607838e-13 
63  9.607838e-13 
82  9.607838e-13 
95  9.607838e-13 
106  9.599195e-13 
