110  8.082653e-01 
114  1.704966e-01 
76  5.441180e-04 
12  5.441180e-04 
82  5.441180e-04 
108  5.440636e-04 
26  5.440636e-04 
53  5.433567e-04 
91  5.433567e-04 
111  5.429765e-04 
22  5.427593e-04 
107  5.427593e-04 
101  5.401602e-04 
60  5.327568e-04 
88  5.327035e-04 
115  5.324905e-04 
54  5.324905e-04 
80  5.324905e-04 
34  5.282473e-04 
15  5.271391e-04 
50  5.270864e-04 
13  5.270864e-04 
89  5.269810e-04 
36  5.260859e-04 
94  5.249297e-04 
4  5.247197e-04 
66  5.247197e-04 
30  5.247197e-04 
29  5.246148e-04 
61  5.246148e-04 
85  5.246148e-04 
41  5.242477e-04 
35  5.241953e-04 
5  5.240380e-04 
59  5.240380e-04 
92  5.240380e-04 
57  5.240380e-04 
19  5.239332e-04 
63  5.239332e-04 
52  5.239332e-04 
95  5.239332e-04 
93  5.234619e-04 
