56  4.438675e-01 
82  4.438675e-01 
96  1.109780e-01 
25  4.423166e-05 
108  4.416094e-05 
31  4.416094e-05 
39  4.394946e-05 
72  4.289002e-05 
69  4.288573e-05 
23  4.288573e-05 
77  4.287716e-05 
32  4.282573e-05 
36  4.282573e-05 
66  4.282573e-05 
63  4.280432e-05 
33  4.271025e-05 
85  4.269317e-05 
15  4.269317e-05 
43  4.269317e-05 
90  4.268463e-05 
21  4.268463e-05 
106  4.268463e-05 
107  4.265476e-05 
48  4.265050e-05 
64  4.263770e-05 
44  4.263770e-05 
10  4.263770e-05 
68  4.263770e-05 
95  4.262917e-05 
74  4.262917e-05 
67  4.262917e-05 
47  4.262917e-05 
97  4.259082e-05 
