57  6.179218e-03 
2  6.178601e-03 
3  6.178601e-03 
41  6.178601e-03 
24  6.178601e-03 
27  6.178601e-03 
31  6.178601e-03 
32  6.178601e-03 
34  6.178601e-03 
36  6.178601e-03 
39  6.178601e-03 
162  6.178601e-03 
42  6.178601e-03 
43  6.178601e-03 
45  6.178601e-03 
46  6.178601e-03 
47  6.178601e-03 
48  6.178601e-03 
52  6.178601e-03 
58  6.178601e-03 
59  6.178601e-03 
63  6.178601e-03 
64  6.178601e-03 
65  6.178601e-03 
66  6.178601e-03 
67  6.178601e-03 
68  6.178601e-03 
69  6.178601e-03 
70  6.178601e-03 
73  6.178601e-03 
74  6.178601e-03 
76  6.178601e-03 
79  6.178601e-03 
81  6.178601e-03 
83  6.178601e-03 
84  6.178601e-03 
87  6.178601e-03 
89  6.178601e-03 
92  6.178601e-03 
95  6.178601e-03 
97  6.178601e-03 
98  6.178601e-03 
99  6.178601e-03 
101  6.178601e-03 
102  6.178601e-03 
103  6.178601e-03 
104  6.178601e-03 
106  6.178601e-03 
109  6.178601e-03 
110  6.178601e-03 
112  6.178601e-03 
115  6.178601e-03 
116  6.178601e-03 
117  6.178601e-03 
118  6.178601e-03 
122  6.178601e-03 
124  6.178601e-03 
126  6.178601e-03 
129  6.178601e-03 
130  6.178601e-03 
131  6.178601e-03 
134  6.178601e-03 
135  6.178601e-03 
138  6.178601e-03 
139  6.178601e-03 
141  6.178601e-03 
142  6.178601e-03 
144  6.178601e-03 
145  6.178601e-03 
147  6.178601e-03 
148  6.178601e-03 
150  6.178601e-03 
154  6.178601e-03 
155  6.178601e-03 
156  6.178601e-03 
157  6.178601e-03 
160  6.178601e-03 
161  6.178601e-03 
6  6.178601e-03 
9  6.178601e-03 
13  6.178601e-03 
14  6.178601e-03 
15  6.178601e-03 
16  6.178601e-03 
17  6.178601e-03 
19  6.178601e-03 
21  6.178601e-03 
23  6.178601e-03 
88  6.177983e-03 
7  6.177983e-03 
8  6.177983e-03 
82  6.177983e-03 
85  6.177983e-03 
86  6.177983e-03 
90  6.177983e-03 
35  6.177983e-03 
94  6.177983e-03 
125  6.177983e-03 
44  6.177983e-03 
128  6.177983e-03 
49  6.177983e-03 
50  6.177983e-03 
51  6.177983e-03 
53  6.177983e-03 
4  6.177983e-03 
105  6.177983e-03 
62  6.177983e-03 
107  6.177983e-03 
108  6.177983e-03 
111  6.177983e-03 
1  6.177983e-03 
113  6.177983e-03 
77  6.177983e-03 
136  6.177365e-03 
119  6.177365e-03 
78  6.177365e-03 
159  6.177365e-03 
10  6.177365e-03 
146  6.177365e-03 
153  6.177365e-03 
33  6.177365e-03 
120  6.177365e-03 
5  6.176747e-03 
56  6.176747e-03 
37  6.176747e-03 
54  6.176747e-03 
61  6.176747e-03 
11  6.176130e-03 
28  6.176130e-03 
93  6.175512e-03 
40  6.174277e-03 
30  6.173659e-03 
137  6.173659e-03 
127  6.173042e-03 
18  6.173042e-03 
80  6.171190e-03 
12  6.170573e-03 
151  6.169956e-03 
25  6.169956e-03 
132  6.169956e-03 
29  6.169956e-03 
71  6.169339e-03 
158  6.169339e-03 
96  6.169339e-03 
100  6.168722e-03 
114  6.168722e-03 
75  6.168722e-03 
38  6.168722e-03 
20  6.168105e-03 
140  6.160708e-03 
143  6.160092e-03 
91  6.160092e-03 
26  6.153319e-03 
55  6.144710e-03 
133  6.142867e-03 
152  6.142252e-03 
121  6.132432e-03 
72  6.118343e-03 
149  6.103066e-03 
123  6.081133e-03 
22  6.044754e-03 
60  6.041128e-03 
