17  3.465270e-02 
27  3.465270e-02 
1  3.464924e-02 
11  3.464924e-02 
7  3.464924e-02 
2  3.464924e-02 
9  3.464924e-02 
21  3.464577e-02 
4  3.464577e-02 
25  3.464577e-02 
18  3.464577e-02 
19  3.464577e-02 
20  3.464577e-02 
22  3.464577e-02 
13  3.464577e-02 
14  3.464577e-02 
8  3.464231e-02 
26  3.464231e-02 
10  3.463538e-02 
6  3.462845e-02 
23  3.451781e-02 
15  3.451436e-02 
28  3.448331e-02 
29  3.435251e-02 
3  3.425988e-02 
16  3.401749e-02 
5  3.398688e-02 
24  3.363860e-02 
12  3.331720e-02 
