12  2.282746e-02 
28  2.282746e-02 
17  2.282746e-02 
25  2.282746e-02 
5  2.282746e-02 
19  2.282518e-02 
23  2.282518e-02 
11  2.282518e-02 
3  2.282518e-02 
26  2.282290e-02 
21  2.282290e-02 
18  2.282062e-02 
43  2.282062e-02 
36  2.281833e-02 
35  2.281605e-02 
24  2.281377e-02 
27  2.280693e-02 
8  2.280693e-02 
42  2.280693e-02 
39  2.280465e-02 
4  2.280465e-02 
40  2.280465e-02 
2  2.280237e-02 
10  2.280009e-02 
38  2.279781e-02 
33  2.278869e-02 
15  2.278185e-02 
41  2.277274e-02 
9  2.276591e-02 
22  2.275680e-02 
29  2.273633e-02 
44  2.272497e-02 
31  2.272042e-02 
14  2.269998e-02 
30  2.265009e-02 
37  2.256193e-02 
7  2.253712e-02 
32  2.253487e-02 
16  2.253036e-02 
20  2.250559e-02 
13  2.240005e-02 
6  2.240005e-02 
34  2.239110e-02 
1  2.233295e-02 
