6  2.896647e-02 
25  2.896647e-02 
22  2.895488e-02 
12  2.895199e-02 
5  2.895199e-02 
30  2.894909e-02 
7  2.894041e-02 
9  2.893462e-02 
29  2.893173e-02 
34  2.892594e-02 
19  2.892016e-02 
10  2.890570e-02 
8  2.890281e-02 
2  2.890281e-02 
23  2.888547e-02 
18  2.888258e-02 
20  2.886237e-02 
35  2.885948e-02 
21  2.885948e-02 
24  2.878166e-02 
4  2.873852e-02 
1  2.873565e-02 
15  2.873277e-02 
14  2.844402e-02 
28  2.826820e-02 
17  2.824560e-02 
27  2.804014e-02 
31  2.790866e-02 
26  2.785011e-02 
16  2.784176e-02 
32  2.782784e-02 
3  2.780836e-02 
11  2.778335e-02 
33  2.778057e-02 
13  2.775835e-02 
