35  2.381978e-02 
3  2.381978e-02 
5  2.381740e-02 
32  2.381740e-02 
2  2.381740e-02 
10  2.381740e-02 
11  2.381740e-02 
12  2.381740e-02 
13  2.381740e-02 
14  2.381740e-02 
15  2.381740e-02 
17  2.381740e-02 
18  2.381740e-02 
19  2.381740e-02 
21  2.381740e-02 
22  2.381740e-02 
24  2.381740e-02 
33  2.381740e-02 
34  2.381740e-02 
38  2.381740e-02 
39  2.381740e-02 
41  2.381740e-02 
1  2.381740e-02 
8  2.381740e-02 
4  2.381502e-02 
40  2.381502e-02 
16  2.381502e-02 
6  2.381502e-02 
28  2.381264e-02 
25  2.381026e-02 
37  2.381026e-02 
9  2.381026e-02 
36  2.380788e-02 
7  2.380549e-02 
42  2.380073e-02 
26  2.379359e-02 
31  2.379359e-02 
23  2.379121e-02 
27  2.379121e-02 
29  2.376981e-02 
30  2.376506e-02 
20  2.375555e-02 
