25  2.918430e-02 
22  2.918430e-02 
6  2.918430e-02 
29  2.918138e-02 
10  2.918138e-02 
15  2.918138e-02 
33  2.917555e-02 
1  2.916388e-02 
35  2.914930e-02 
2  2.914930e-02 
8  2.914930e-02 
26  2.911434e-02 
3  2.909396e-02 
23  2.897781e-02 
30  2.894017e-02 
17  2.892281e-02 
13  2.887945e-02 
24  2.870382e-02 
31  2.866366e-02 
16  2.866366e-02 
5  2.847509e-02 
20  2.836708e-02 
34  2.835007e-02 
4  2.827362e-02 
14  2.825666e-02 
27  2.803150e-02 
7  2.802589e-02 
9  2.800908e-02 
19  2.798388e-02 
32  2.781369e-02 
21  2.763901e-02 
18  2.749290e-02 
12  2.747916e-02 
11  2.747916e-02 
28  2.747916e-02 
