27  5.000000e-01 
12  5.000000e-01 
11  5.822513e-11 
39  7.278141e-12 
24  7.278141e-12 
40  7.278141e-12 
9  7.278141e-12 
22  7.278141e-12 
1  1.819535e-12 
7  1.819535e-12 
19  1.819535e-12 
25  1.819535e-12 
28  1.819535e-12 
30  1.819535e-12 
20  9.097676e-13 
13  9.097676e-13 
23  9.097676e-13 
5  9.097676e-13 
42  9.097676e-13 
4  9.097676e-13 
43  9.097676e-13 
29  9.097676e-13 
2  9.097676e-13 
36  9.097676e-13 
37  9.097676e-13 
3  9.097676e-13 
14  9.097676e-13 
15  9.097676e-13 
18  9.097676e-13 
{10, 16}  1.006119e-14 
