1  1.655106e-01 
7  1.655106e-01 
19  1.655106e-01 
25  1.655106e-01 
28  1.655106e-01 
30  1.655106e-01 
{40, 41}  1.671992e-03 
{22, 41}  1.671992e-03 
{39, 41}  1.671992e-03 
{9, 41}  1.671992e-03 
20  1.655106e-05 
23  1.655106e-05 
29  1.655106e-05 
36  1.655106e-05 
37  1.655106e-05 
42  1.655106e-05 
43  1.655106e-05 
13  1.655106e-05 
14  1.655106e-05 
15  1.655106e-05 
18  1.655106e-05 
4  1.655106e-05 
5  1.655106e-05 
2  1.655106e-05 
3  1.655106e-05 
{11, 41, 44}  1.410594e-09 
{24, 41, 44}  8.825972e-10 
