14  1.655106e-01 
18  1.655106e-01 
37  1.655106e-01 
7  1.655106e-01 
22  1.655106e-01 
34  1.655106e-01 
{5, 28}  1.671992e-03 
{11, 28}  1.671992e-03 
{28, 29}  1.671992e-03 
{28, 30}  1.671992e-03 
35  1.655106e-05 
36  1.655106e-05 
38  1.655106e-05 
41  1.655106e-05 
44  1.655106e-05 
1  1.655106e-05 
4  1.655106e-05 
6  1.655106e-05 
12  1.655106e-05 
13  1.655106e-05 
20  1.655106e-05 
23  1.655106e-05 
25  1.655106e-05 
26  1.655106e-05 
32  1.655106e-05 
{8, 28, 43}  1.185165e-09 
{8, 27, 28}  1.184901e-09 
