13  3.333222e-01 
31  3.333222e-01 
15  3.333222e-01 
10  3.333222e-05 
38  4.975837e-09 
{4, 16, 43}  1.463789e-11 
6  4.859216e-12 
37  1.214804e-12 
12  1.214804e-12 
35  1.214804e-12 
41  1.214804e-12 
32  1.214804e-12 
5  1.214804e-12 
40  6.074020e-13 
42  6.074020e-13 
3  6.074020e-13 
8  6.074020e-13 
14  6.074020e-13 
18  6.074020e-13 
21  6.074020e-13 
22  6.074020e-13 
23  6.074020e-13 
25  6.074020e-13 
26  6.074020e-13 
28  6.074020e-13 
29  6.074020e-13 
33  6.074020e-13 
36  6.074020e-13 
{4, 16, 20}  4.819057e-13 
{4, 7, 16}  1.694200e-14 
{16, 27}  6.135374e-15 
{16, 44}  6.135374e-15 
{16, 24}  6.135374e-15 
{1, 16}  6.135374e-15 
{4, 11, 16}  3.573703e-15 
