36  3.333222e-01 
33  3.333222e-01 
18  3.333222e-01 
17  3.333222e-05 
9  4.975837e-09 
{8, 12, 29}  1.463789e-11 
30  4.859216e-12 
23  1.214804e-12 
40  1.214804e-12 
6  1.214804e-12 
3  1.214804e-12 
1  1.214804e-12 
4  1.214804e-12 
41  6.074020e-13 
14  6.074020e-13 
26  6.074020e-13 
15  6.074020e-13 
11  6.074020e-13 
19  6.074020e-13 
22  6.074020e-13 
24  6.074020e-13 
27  6.074020e-13 
31  6.074020e-13 
32  6.074020e-13 
5  6.074020e-13 
34  6.074020e-13 
2  6.074020e-13 
39  6.074020e-13 
{12, 29, 42}  4.819057e-13 
{7, 12, 29}  1.694200e-14 
{12, 25}  6.135374e-15 
{12, 20}  6.135374e-15 
{12, 35}  6.135374e-15 
{12, 28}  6.135374e-15 
{12, 29, 38}  3.573703e-15 
