21  1.000000e+00 
44  1.492055e-08 
39  1.457085e-11 
24  1.457085e-11 
40  1.457085e-11 
22  1.457085e-11 
9  1.457085e-11 
{6, 16}  6.720164e-12 
1  3.642711e-12 
7  3.642711e-12 
19  3.642711e-12 
25  3.642711e-12 
28  3.642711e-12 
30  3.642711e-12 
15  1.821356e-12 
23  1.821356e-12 
13  1.821356e-12 
42  1.821356e-12 
43  1.821356e-12 
3  1.821356e-12 
2  1.821356e-12 
18  1.821356e-12 
20  1.821356e-12 
14  1.821356e-12 
29  1.821356e-12 
36  1.821356e-12 
37  1.821356e-12 
5  1.821356e-12 
4  1.821356e-12 
{16, 38}  1.257356e-12 
{16, 33}  1.257356e-12 
{16, 31}  6.286782e-13 
{6, 11}  3.852789e-13 
{11, 38}  2.652236e-13 
{11, 33}  2.652236e-13 
{11, 31}  1.326118e-13 
