42  1.000000e+00 
38  1.166251e-10 
25  1.457813e-11 
30  1.457813e-11 
35  1.457813e-11 
20  1.457813e-11 
28  1.457813e-11 
{8, 9}  4.245700e-12 
6  3.644533e-12 
23  3.644533e-12 
40  3.644533e-12 
4  3.644533e-12 
3  3.644533e-12 
1  3.644533e-12 
32  1.822267e-12 
19  1.822267e-12 
31  1.822267e-12 
34  1.822267e-12 
14  1.822267e-12 
15  1.822267e-12 
22  1.822267e-12 
2  1.822267e-12 
24  1.822267e-12 
5  1.822267e-12 
26  1.822267e-12 
27  1.822267e-12 
41  1.822267e-12 
39  1.822267e-12 
11  1.822267e-12 
{7, 9, 43}  1.485725e-15 
