39  2.279103e-02 
19  2.279103e-02 
9  2.279103e-02 
2  2.278875e-02 
34  2.278419e-02 
17  2.278419e-02 
16  2.278419e-02 
4  2.276142e-02 
15  2.275004e-02 
20  2.275004e-02 
31  2.275004e-02 
13  2.275004e-02 
10  2.274777e-02 
30  2.274549e-02 
43  2.274322e-02 
38  2.273185e-02 
7  2.273185e-02 
11  2.271594e-02 
6  2.270913e-02 
44  2.270913e-02 
24  2.270913e-02 
27  2.270913e-02 
1  2.270913e-02 
5  2.270459e-02 
35  2.270459e-02 
41  2.270459e-02 
32  2.270459e-02 
37  2.270459e-02 
12  2.270459e-02 
18  2.270231e-02 
14  2.270231e-02 
33  2.270231e-02 
36  2.270231e-02 
8  2.270231e-02 
40  2.270231e-02 
21  2.270231e-02 
22  2.270231e-02 
42  2.270231e-02 
23  2.270231e-02 
25  2.270231e-02 
26  2.270231e-02 
3  2.270231e-02 
28  2.270231e-02 
29  2.270231e-02 
