34  5.000000e-01 
17  5.000000e-01 
11  5.822513e-11 
1  7.278141e-12 
27  7.278141e-12 
6  7.278141e-12 
24  7.278141e-12 
44  7.278141e-12 
41  1.819535e-12 
37  1.819535e-12 
5  1.819535e-12 
12  1.819535e-12 
32  1.819535e-12 
35  1.819535e-12 
42  9.097676e-13 
26  9.097676e-13 
3  9.097676e-13 
8  9.097676e-13 
14  9.097676e-13 
18  9.097676e-13 
21  9.097676e-13 
22  9.097676e-13 
23  9.097676e-13 
25  9.097676e-13 
28  9.097676e-13 
29  9.097676e-13 
33  9.097676e-13 
36  9.097676e-13 
40  9.097676e-13 
{7, 30}  1.006119e-14 
