6  3.311679e-01 
33  3.311679e-01 
38  3.311679e-01 
31  6.327275e-03 
{21, 32}  1.151713e-04 
44  4.943183e-05 
{21, 35}  3.791646e-06 
{16, 21}  1.333001e-07 
9  4.827327e-08 
24  4.827327e-08 
22  4.827327e-08 
40  4.827327e-08 
39  4.827327e-08 
{11, 21}  2.811798e-08 
25  1.206832e-08 
7  1.206832e-08 
19  1.206832e-08 
1  1.206832e-08 
28  1.206832e-08 
30  1.206832e-08 
29  6.034159e-09 
23  6.034159e-09 
20  6.034159e-09 
36  6.034159e-09 
37  6.034159e-09 
18  6.034159e-09 
15  6.034159e-09 
14  6.034159e-09 
42  6.034159e-09 
43  6.034159e-09 
13  6.034159e-09 
5  6.034159e-09 
4  6.034159e-09 
3  6.034159e-09 
2  6.034159e-09 
