30  6.648085e-01 
43  3.324042e-01 
{13, 20}  6.722819e-04 
{15, 20}  6.722819e-04 
{20, 31}  6.722819e-04 
{10, 20}  3.361410e-04 
{4, 20}  2.655929e-04 
11  8.115338e-05 
27  1.014417e-05 
44  1.014417e-05 
24  1.014417e-05 
6  1.014417e-05 
1  1.014417e-05 
{20, 38}  2.626101e-06 
35  2.536043e-06 
5  2.536043e-06 
32  2.536043e-06 
12  2.536043e-06 
41  2.536043e-06 
37  2.536043e-06 
22  1.268021e-06 
23  1.268021e-06 
25  1.268021e-06 
26  1.268021e-06 
28  1.268021e-06 
33  1.268021e-06 
36  1.268021e-06 
40  1.268021e-06 
42  1.268021e-06 
29  1.268021e-06 
3  1.268021e-06 
8  1.268021e-06 
14  1.268021e-06 
18  1.268021e-06 
21  1.268021e-06 
