3  5.000000e-01 
40  5.000000e-01 
27  5.822513e-11 
5  7.278141e-12 
29  7.278141e-12 
30  7.278141e-12 
11  7.278141e-12 
43  7.278141e-12 
37  1.819535e-12 
22  1.819535e-12 
34  1.819535e-12 
14  1.819535e-12 
18  1.819535e-12 
7  1.819535e-12 
44  9.097676e-13 
1  9.097676e-13 
4  9.097676e-13 
6  9.097676e-13 
12  9.097676e-13 
13  9.097676e-13 
20  9.097676e-13 
23  9.097676e-13 
25  9.097676e-13 
26  9.097676e-13 
32  9.097676e-13 
35  9.097676e-13 
36  9.097676e-13 
38  9.097676e-13 
41  9.097676e-13 
{9, 17}  1.006119e-14 
