43  1.000000e+00 
38  1.166484e-10 
28  1.458105e-11 
35  1.458105e-11 
20  1.458105e-11 
30  1.458105e-11 
25  1.458105e-11 
6  3.645262e-12 
23  3.645262e-12 
40  3.645262e-12 
3  3.645262e-12 
1  3.645262e-12 
4  3.645262e-12 
41  1.822631e-12 
5  1.822631e-12 
14  1.822631e-12 
15  1.822631e-12 
19  1.822631e-12 
22  1.822631e-12 
2  1.822631e-12 
24  1.822631e-12 
11  1.822631e-12 
26  1.822631e-12 
27  1.822631e-12 
31  1.822631e-12 
32  1.822631e-12 
34  1.822631e-12 
39  1.822631e-12 
{9, 13, 42}  1.286833e-13 
{9, 21, 42}  1.286833e-13 
{8, 9, 13}  1.608541e-14 
{7, 8, 13}  1.608541e-14 
{8, 9, 21}  1.608541e-14 
{7, 8, 21}  1.608541e-14 
{7, 13, 29, 42}  1.632723e-16 
{7, 21, 29, 42}  1.632723e-16 
{7, 18, 21, 42}  1.512410e-16 
{7, 13, 18, 42}  1.512410e-16 
{7, 21, 33, 42}  1.512410e-16 
{7, 13, 33, 42}  1.512410e-16 
{7, 21, 36, 42}  1.512410e-16 
{7, 13, 36, 42}  1.512410e-16 
{7, 17, 21, 42}  7.562052e-17 
{7, 13, 17, 42}  7.562052e-17 
