38  3.333222e-01 
33  3.333222e-01 
6  3.333222e-01 
31  3.333222e-05 
44  4.975837e-09 
{21, 32, 41}  1.463789e-11 
24  4.859216e-12 
19  1.214804e-12 
28  1.214804e-12 
1  1.214804e-12 
30  1.214804e-12 
25  1.214804e-12 
7  1.214804e-12 
42  6.074020e-13 
43  6.074020e-13 
29  6.074020e-13 
2  6.074020e-13 
3  6.074020e-13 
4  6.074020e-13 
5  6.074020e-13 
13  6.074020e-13 
14  6.074020e-13 
15  6.074020e-13 
18  6.074020e-13 
20  6.074020e-13 
23  6.074020e-13 
36  6.074020e-13 
37  6.074020e-13 
{21, 35, 41}  4.819057e-13 
{16, 21, 41}  1.694200e-14 
{39, 41}  6.135374e-15 
{40, 41}  6.135374e-15 
{22, 41}  6.135374e-15 
{9, 41}  6.135374e-15 
{11, 21, 41}  3.573703e-15 
