33  1.000000e+00 
27  1.166251e-10 
43  1.457813e-11 
5  1.457813e-11 
30  1.457813e-11 
11  1.457813e-11 
29  1.457813e-11 
{8, 10}  4.245700e-12 
37  3.644533e-12 
18  3.644533e-12 
34  3.644533e-12 
7  3.644533e-12 
22  3.644533e-12 
14  3.644533e-12 
12  1.822267e-12 
32  1.822267e-12 
6  1.822267e-12 
35  1.822267e-12 
36  1.822267e-12 
38  1.822267e-12 
41  1.822267e-12 
4  1.822267e-12 
44  1.822267e-12 
1  1.822267e-12 
20  1.822267e-12 
23  1.822267e-12 
25  1.822267e-12 
26  1.822267e-12 
13  1.822267e-12 
{8, 9, 17}  1.485725e-15 
