35  2.160308e-01 
33  2.160308e-01 
38  2.160308e-01 
6  2.160308e-01 
31  1.080154e-01 
32  2.700385e-02 
44  8.438704e-04 
11  6.592737e-06 
9  8.240922e-07 
40  8.240922e-07 
39  8.240922e-07 
22  8.240922e-07 
24  8.240922e-07 
1  2.060230e-07 
7  2.060230e-07 
19  2.060230e-07 
25  2.060230e-07 
28  2.060230e-07 
30  2.060230e-07 
2  1.030115e-07 
29  1.030115e-07 
23  1.030115e-07 
20  1.030115e-07 
18  1.030115e-07 
15  1.030115e-07 
14  1.030115e-07 
13  1.030115e-07 
36  1.030115e-07 
37  1.030115e-07 
5  1.030115e-07 
4  1.030115e-07 
3  1.030115e-07 
42  1.030115e-07 
43  1.030115e-07 
{16, 21}  8.428215e-08 
{10, 16}  1.777827e-08 
