35  1.000000e+00 
11  1.166251e-10 
40  1.457813e-11 
39  1.457813e-11 
22  1.457813e-11 
9  1.457813e-11 
24  1.457813e-11 
{32, 44}  4.245700e-12 
1  3.644533e-12 
7  3.644533e-12 
19  3.644533e-12 
25  3.644533e-12 
28  3.644533e-12 
30  3.644533e-12 
20  1.822267e-12 
23  1.822267e-12 
13  1.822267e-12 
43  1.822267e-12 
14  1.822267e-12 
29  1.822267e-12 
2  1.822267e-12 
5  1.822267e-12 
36  1.822267e-12 
37  1.822267e-12 
4  1.822267e-12 
3  1.822267e-12 
15  1.822267e-12 
18  1.822267e-12 
42  1.822267e-12 
{10, 16, 44}  1.485725e-15 
