3  1.655106e-01 
6  1.655106e-01 
1  1.655106e-01 
23  1.655106e-01 
40  1.655106e-01 
4  1.655106e-01 
{12, 25}  1.671992e-03 
{12, 20}  1.671992e-03 
{12, 35}  1.671992e-03 
{12, 28}  1.671992e-03 
27  1.655106e-05 
31  1.655106e-05 
32  1.655106e-05 
39  1.655106e-05 
41  1.655106e-05 
22  1.655106e-05 
34  1.655106e-05 
2  1.655106e-05 
5  1.655106e-05 
11  1.655106e-05 
14  1.655106e-05 
15  1.655106e-05 
19  1.655106e-05 
24  1.655106e-05 
26  1.655106e-05 
{9, 12, 30}  1.185165e-09 
{9, 12, 38}  1.184901e-09 
