6  2.752565e-01 
33  2.752565e-01 
38  2.752565e-01 
31  1.376283e-01 
32  3.440706e-02 
44  1.075221e-03 
16  1.075221e-03 
{21, 35}  2.749144e-05 
11  8.400162e-06 
9  1.050020e-06 
22  1.050020e-06 
24  1.050020e-06 
40  1.050020e-06 
39  1.050020e-06 
1  2.625051e-07 
7  2.625051e-07 
19  2.625051e-07 
25  2.625051e-07 
28  2.625051e-07 
30  2.625051e-07 
43  1.312525e-07 
29  1.312525e-07 
2  1.312525e-07 
18  1.312525e-07 
15  1.312525e-07 
14  1.312525e-07 
36  1.312525e-07 
37  1.312525e-07 
13  1.312525e-07 
5  1.312525e-07 
4  1.312525e-07 
42  1.312525e-07 
23  1.312525e-07 
20  1.312525e-07 
3  1.312525e-07 
