35  1.655106e-01 
5  1.655106e-01 
37  1.655106e-01 
32  1.655106e-01 
41  1.655106e-01 
12  1.655106e-01 
{1, 16}  1.671992e-03 
{16, 24}  1.671992e-03 
{16, 27}  1.671992e-03 
{16, 44}  1.671992e-03 
29  1.655106e-05 
33  1.655106e-05 
36  1.655106e-05 
40  1.655106e-05 
42  1.655106e-05 
3  1.655106e-05 
8  1.655106e-05 
14  1.655106e-05 
18  1.655106e-05 
21  1.655106e-05 
22  1.655106e-05 
23  1.655106e-05 
25  1.655106e-05 
26  1.655106e-05 
28  1.655106e-05 
{11, 16, 38}  1.410594e-09 
{6, 16, 38}  8.825972e-10 
