33  9.960231e-01 
9  3.890715e-03 
27  3.039621e-05 
{10, 17}  2.360672e-05 
43  3.799527e-06 
5  3.799527e-06 
29  3.799527e-06 
30  3.799527e-06 
11  3.799527e-06 
18  9.498816e-07 
14  9.498816e-07 
34  9.498816e-07 
7  9.498816e-07 
37  9.498816e-07 
22  9.498816e-07 
26  4.749408e-07 
4  4.749408e-07 
6  4.749408e-07 
12  4.749408e-07 
13  4.749408e-07 
20  4.749408e-07 
23  4.749408e-07 
25  4.749408e-07 
1  4.749408e-07 
32  4.749408e-07 
35  4.749408e-07 
36  4.749408e-07 
38  4.749408e-07 
41  4.749408e-07 
44  4.749408e-07 
{8, 10}  3.688550e-07 
