10  1.000000e+00 
27  1.166601e-10 
29  1.458251e-11 
11  1.458251e-11 
43  1.458251e-11 
5  1.458251e-11 
30  1.458251e-11 
{9, 17}  8.493948e-12 
37  3.645627e-12 
22  3.645627e-12 
34  3.645627e-12 
18  3.645627e-12 
7  3.645627e-12 
14  3.645627e-12 
{9, 16, 33}  2.934975e-12 
{9, 21, 33}  1.956650e-12 
{9, 33, 42}  1.956650e-12 
{9, 24, 33}  1.956650e-12 
1  1.822813e-12 
4  1.822813e-12 
6  1.822813e-12 
12  1.822813e-12 
13  1.822813e-12 
20  1.822813e-12 
23  1.822813e-12 
25  1.822813e-12 
26  1.822813e-12 
32  1.822813e-12 
35  1.822813e-12 
36  1.822813e-12 
38  1.822813e-12 
41  1.822813e-12 
44  1.822813e-12 
{2, 9, 33}  9.052721e-13 
{8, 9, 33}  7.643163e-15 
