22  3.333955e-02 
18  3.333955e-02 
11  3.333955e-02 
17  3.333955e-02 
6  3.333955e-02 
14  3.333955e-02 
24  3.333955e-02 
29  3.333955e-02 
30  3.333622e-02 
2  3.333622e-02 
3  3.333622e-02 
5  3.333622e-02 
9  3.333622e-02 
13  3.333622e-02 
15  3.333622e-02 
19  3.333622e-02 
26  3.333622e-02 
27  3.333622e-02 
28  3.333622e-02 
1  3.333622e-02 
21  3.333289e-02 
7  3.333289e-02 
12  3.333289e-02 
4  3.333289e-02 
20  3.333289e-02 
23  3.332622e-02 
10  3.332622e-02 
25  3.332622e-02 
16  3.331956e-02 
8  3.328625e-02 
