31  3.253517e-02 
10  3.253517e-02 
11  3.253517e-02 
17  3.253517e-02 
19  3.253517e-02 
25  3.253517e-02 
26  3.253517e-02 
1  3.253517e-02 
12  3.253192e-02 
24  3.253192e-02 
4  3.253192e-02 
5  3.253192e-02 
29  3.248316e-02 
7  3.247991e-02 
27  3.247016e-02 
23  3.245069e-02 
9  3.243446e-02 
6  3.240853e-02 
28  3.239556e-02 
16  3.237613e-02 
22  3.226623e-02 
8  3.217923e-02 
15  3.178901e-02 
21  3.173818e-02 
14  3.173818e-02 
3  3.173818e-02 
30  3.173501e-02 
18  3.173184e-02 
2  3.173184e-02 
13  3.172232e-02 
20  3.172232e-02 
