19  3.118952e-01 
51  3.118952e-01 
21  3.118952e-01 
39  9.749649e-03 
13  9.749649e-03 
17  9.749649e-03 
22  9.749649e-03 
48  4.874825e-03 
10  4.874825e-03 
{8, 38}  3.150456e-03 
33  2.437412e-03 
36  2.437412e-03 
11  2.437412e-03 
31  2.437412e-03 
27  1.218706e-03 
{8, 53}  7.876929e-04 
{38, 42}  4.668190e-04 
{42, 53}  1.167164e-04 
12  7.616913e-05 
1  3.105879e-13 
14  3.104326e-13 
47  3.104326e-13 
23  3.104326e-13 
41  3.104326e-13 
49  3.104326e-13 
30  3.104326e-13 
26  3.104326e-13 
32  3.103395e-13 
15  3.103395e-13 
