37  3.118952e-01 
14  3.118952e-01 
44  3.118952e-01 
32  9.749649e-03 
52  9.749649e-03 
21  9.749649e-03 
10  9.749649e-03 
1  4.874825e-03 
2  4.874825e-03 
{17, 51}  3.150456e-03 
19  2.437412e-03 
40  2.437412e-03 
5  2.437412e-03 
26  2.437412e-03 
49  1.218706e-03 
{7, 17}  7.876929e-04 
{18, 51}  4.668190e-04 
{7, 18}  1.167164e-04 
53  7.616913e-05 
41  3.105879e-13 
50  3.104326e-13 
25  3.104326e-13 
6  3.104326e-13 
28  3.104326e-13 
48  3.104326e-13 
45  3.104326e-13 
36  3.104326e-13 
27  3.103395e-13 
31  3.103395e-13 
