36  3.118952e-01 
48  3.118952e-01 
23  3.118952e-01 
33  9.749649e-03 
52  9.749649e-03 
3  9.749649e-03 
15  9.749649e-03 
9  4.874825e-03 
39  4.874825e-03 
{11, 37}  3.150456e-03 
31  2.437412e-03 
25  2.437412e-03 
27  2.437412e-03 
41  2.437412e-03 
50  1.218706e-03 
{37, 44}  7.876929e-04 
{11, 35}  4.668190e-04 
{35, 44}  1.167164e-04 
20  7.616913e-05 
51  3.105879e-13 
17  3.104326e-13 
14  3.104326e-13 
12  3.104326e-13 
34  3.104326e-13 
29  3.104326e-13 
40  3.104326e-13 
45  3.104326e-13 
13  3.103395e-13 
2  3.103395e-13 
