43  1.890042e-02 
18  1.890042e-02 
10  1.889853e-02 
8  1.889853e-02 
12  1.889853e-02 
36  1.889853e-02 
30  1.889853e-02 
29  1.889853e-02 
14  1.889664e-02 
13  1.889664e-02 
52  1.889664e-02 
35  1.889664e-02 
39  1.889664e-02 
20  1.889664e-02 
28  1.889475e-02 
21  1.889475e-02 
45  1.889475e-02 
31  1.889475e-02 
11  1.889097e-02 
7  1.889097e-02 
15  1.889097e-02 
40  1.889097e-02 
49  1.888908e-02 
6  1.888908e-02 
22  1.888719e-02 
17  1.888719e-02 
50  1.888719e-02 
46  1.888719e-02 
44  1.888531e-02 
34  1.888153e-02 
3  1.888153e-02 
38  1.887775e-02 
51  1.887398e-02 
25  1.887209e-02 
47  1.887209e-02 
24  1.886832e-02 
2  1.886643e-02 
53  1.885888e-02 
48  1.885700e-02 
9  1.885700e-02 
26  1.884757e-02 
41  1.883627e-02 
4  1.881932e-02 
33  1.880991e-02 
27  1.880051e-02 
23  1.880051e-02 
19  1.880051e-02 
16  1.880051e-02 
1  1.880051e-02 
32  1.880051e-02 
42  1.880051e-02 
37  1.879487e-02 
5  1.879487e-02 
