16  4.991793e-01 
37  4.991793e-01 
17  4.979827e-05 
31  4.977337e-05 
2  4.977337e-05 
7  4.976342e-05 
58  4.975844e-05 
42  4.975844e-05 
57  4.974849e-05 
45  4.974849e-05 
39  4.974849e-05 
1  4.974352e-05 
52  4.973854e-05 
22  4.973854e-05 
56  4.973357e-05 
61  4.973357e-05 
40  4.973357e-05 
63  4.972362e-05 
64  4.972362e-05 
4  4.972362e-05 
10  4.972362e-05 
11  4.972362e-05 
15  4.972362e-05 
18  4.972362e-05 
21  4.972362e-05 
24  4.972362e-05 
29  4.972362e-05 
30  4.972362e-05 
32  4.972362e-05 
33  4.972362e-05 
38  4.972362e-05 
41  4.972362e-05 
44  4.972362e-05 
48  4.972362e-05 
59  4.972362e-05 
