48  4.999446e-01 
18  4.999446e-01 
62  4.999446e-05 
9  4.999446e-05 
24  3.819618e-06 
54  3.819618e-06 
39  4.774523e-07 
15  4.774523e-07 
47  2.387261e-07 
57  2.387261e-07 
59  2.387261e-07 
50  2.387261e-07 
1  2.387261e-07 
6  2.387261e-07 
12  2.387261e-07 
25  2.387261e-07 
41  2.387261e-07 
16  1.193631e-07 
20  1.492038e-08 
2  7.460192e-09 
{35, 64}  5.038343e-11 
4  2.914138e-11 
36  2.914138e-11 
19  7.285344e-12 
49  7.285344e-12 
29  7.285344e-12 
65  9.106680e-13 
44  9.106680e-13 
21  2.276670e-13 
22  2.276670e-13 
23  2.276670e-13 
8  2.276670e-13 
7  2.276670e-13 
37  2.276670e-13 
38  2.276670e-13 
40  2.276670e-13 
42  2.276670e-13 
45  2.276670e-13 
63  2.276670e-13 
3  2.276670e-13 
55  2.276670e-13 
58  2.276670e-13 
13  2.276670e-13 
11  2.276670e-13 
17  2.276670e-13 
10  2.276670e-13 
{33, 53, 64}  4.645791e-17 
{56, 64}  1.798643e-18 
{51, 64}  1.798643e-18 
{32, 64}  2.810380e-20 
{52, 64}  1.405190e-20 
{46, 64}  1.405190e-20 
{28, 64}  7.025950e-21 
