61  1.542451e-02 
30  1.542451e-02 
43  1.542297e-02 
5  1.542297e-02 
34  1.542143e-02 
60  1.542143e-02 
27  1.542143e-02 
53  1.541988e-02 
33  1.541834e-02 
14  1.541372e-02 
31  1.541372e-02 
26  1.541218e-02 
35  1.540293e-02 
18  1.540293e-02 
48  1.540293e-02 
62  1.540139e-02 
9  1.540139e-02 
24  1.539831e-02 
54  1.539831e-02 
39  1.539369e-02 
15  1.539369e-02 
1  1.539215e-02 
6  1.539215e-02 
12  1.539215e-02 
25  1.539215e-02 
41  1.539215e-02 
47  1.539215e-02 
50  1.539215e-02 
57  1.539215e-02 
59  1.539215e-02 
16  1.539061e-02 
20  1.538600e-02 
2  1.538446e-02 
56  1.537677e-02 
51  1.537677e-02 
64  1.537369e-02 
36  1.537215e-02 
4  1.537215e-02 
49  1.536908e-02 
19  1.536908e-02 
29  1.536908e-02 
32  1.536754e-02 
52  1.536601e-02 
46  1.536601e-02 
28  1.536447e-02 
65  1.536447e-02 
44  1.536447e-02 
22  1.536140e-02 
21  1.536140e-02 
17  1.536140e-02 
37  1.536140e-02 
38  1.536140e-02 
13  1.536140e-02 
40  1.536140e-02 
3  1.536140e-02 
42  1.536140e-02 
11  1.536140e-02 
45  1.536140e-02 
10  1.536140e-02 
63  1.536140e-02 
8  1.536140e-02 
7  1.536140e-02 
55  1.536140e-02 
58  1.536140e-02 
23  1.536140e-02 
