19  2.611752e-01 
34  2.611752e-01 
6  2.611752e-01 
8  7.980803e-02 
23  7.980803e-02 
55  1.995201e-02 
20  1.995201e-02 
60  2.494001e-03 
12  2.494001e-03 
50  1.247000e-03 
3  1.247000e-03 
9  1.247000e-03 
13  1.247000e-03 
14  1.247000e-03 
36  1.247000e-03 
46  1.247000e-03 
25  1.247000e-03 
47  1.247000e-03 
62  6.235002e-04 
65  7.793753e-05 
17  3.896877e-05 
2  1.217774e-06 
31  1.217774e-06 
42  1.522217e-07 
58  1.522217e-07 
45  3.805544e-08 
57  3.805544e-08 
39  3.805544e-08 
1  1.902772e-08 
52  9.513859e-09 
22  9.513859e-09 
40  4.756929e-09 
56  4.756929e-09 
61  4.756929e-09 
38  1.189232e-09 
33  1.189232e-09 
32  1.189232e-09 
30  1.189232e-09 
48  1.189232e-09 
29  1.189232e-09 
24  1.189232e-09 
21  1.189232e-09 
4  1.189232e-09 
18  1.189232e-09 
15  1.189232e-09 
59  1.189232e-09 
11  1.189232e-09 
44  1.189232e-09 
10  1.189232e-09 
63  1.189232e-09 
64  1.189232e-09 
41  1.189232e-09 
{7, 35, 43}  2.426757e-13 
