51  5.000000e-01 
56  5.000000e-01 
{2, 32}  5.171069e-11 
4  2.919420e-11 
36  2.919420e-11 
49  7.298549e-12 
29  7.298549e-12 
19  7.298549e-12 
46  1.824637e-12 
52  1.824637e-12 
{2, 64}  1.134940e-12 
44  9.123187e-13 
65  9.123187e-13 
28  9.123187e-13 
{20, 32}  4.256024e-13 
55  2.280797e-13 
45  2.280797e-13 
40  2.280797e-13 
38  2.280797e-13 
21  2.280797e-13 
22  2.280797e-13 
23  2.280797e-13 
42  2.280797e-13 
37  2.280797e-13 
7  2.280797e-13 
8  2.280797e-13 
10  2.280797e-13 
11  2.280797e-13 
3  2.280797e-13 
13  2.280797e-13 
63  2.280797e-13 
58  2.280797e-13 
17  2.280797e-13 
{20, 64}  9.341067e-15 
{27, 32}  9.215340e-15 
