49  9.999997e-01 
65  2.980827e-08 
17  1.490414e-08 
2  9.973032e-09 
31  9.973032e-09 
42  9.970040e-09 
58  9.970040e-09 
39  9.968046e-09 
45  9.968046e-09 
57  9.968046e-09 
22  9.966053e-09 
52  9.966053e-09 
61  9.965056e-09 
56  9.965056e-09 
40  9.965056e-09 
41  9.963063e-09 
44  9.963063e-09 
48  9.963063e-09 
10  9.963063e-09 
59  9.963063e-09 
63  9.963063e-09 
64  9.963063e-09 
11  9.963063e-09 
15  9.963063e-09 
18  9.963063e-09 
21  9.963063e-09 
24  9.963063e-09 
29  9.963063e-09 
30  9.963063e-09 
4  9.963063e-09 
32  9.963063e-09 
33  9.963063e-09 
38  9.963063e-09 
