35  9.997778e-01 
62  9.997778e-05 
9  9.997778e-05 
24  7.638386e-06 
54  7.638386e-06 
15  9.547982e-07 
39  9.547982e-07 
57  4.773991e-07 
12  4.773991e-07 
25  4.773991e-07 
50  4.773991e-07 
47  4.773991e-07 
1  4.773991e-07 
41  4.773991e-07 
6  4.773991e-07 
59  4.773991e-07 
{34, 48}  2.524944e-07 
{18, 34}  2.524944e-07 
16  2.386996e-07 
20  2.983745e-08 
{48, 64}  1.007556e-10 
{18, 64}  1.007556e-10 
{2, 34}  3.767354e-11 
19  1.456907e-11 
49  1.456907e-11 
29  1.456907e-11 
32  7.284533e-12 
46  3.642266e-12 
52  3.642266e-12 
65  1.821133e-12 
28  1.821133e-12 
44  1.821133e-12 
{34, 51}  1.177298e-12 
{34, 56}  1.177298e-12 
8  4.552833e-13 
63  4.552833e-13 
7  4.552833e-13 
58  4.552833e-13 
23  4.552833e-13 
37  4.552833e-13 
38  4.552833e-13 
22  4.552833e-13 
40  4.552833e-13 
21  4.552833e-13 
42  4.552833e-13 
45  4.552833e-13 
17  4.552833e-13 
13  4.552833e-13 
55  4.552833e-13 
11  4.552833e-13 
10  4.552833e-13 
3  4.552833e-13 
{4, 34}  1.471623e-13 
{34, 36}  1.471623e-13 
{2, 64}  1.151003e-16 
{33, 53, 64}  9.290548e-17 
{51, 64}  3.596886e-18 
{56, 64}  3.596886e-18 
{36, 64}  4.496107e-19 
{4, 64}  4.496107e-19 
