38  9.982064e-01 
15  4.112560e-04 
6  4.112560e-04 
49  4.112560e-04 
59  2.056280e-04 
9  2.056280e-04 
52  5.140700e-05 
23  5.140700e-05 
35  6.425875e-06 
64  6.425875e-06 
16  3.212937e-06 
11  3.212937e-06 
53  3.212937e-06 
14  3.212937e-06 
28  3.212937e-06 
18  3.212937e-06 
51  3.212937e-06 
50  3.212937e-06 
24  3.212937e-06 
1  1.606469e-06 
56  2.008086e-07 
36  1.004043e-07 
57  6.718505e-08 
55  6.718505e-08 
32  6.716490e-08 
30  6.716490e-08 
42  6.715147e-08 
34  6.715147e-08 
3  6.715147e-08 
54  6.714475e-08 
58  6.713804e-08 
40  6.713804e-08 
20  6.713132e-08 
26  6.713132e-08 
47  6.713132e-08 
13  6.711790e-08 
65  6.711790e-08 
8  6.711790e-08 
5  6.711790e-08 
4  6.711790e-08 
62  6.711790e-08 
63  6.711790e-08 
29  6.711790e-08 
31  6.711790e-08 
33  6.711790e-08 
27  6.711790e-08 
37  6.711790e-08 
25  6.711790e-08 
39  6.711790e-08 
48  6.711790e-08 
22  6.711790e-08 
19  6.711790e-08 
17  6.711790e-08 
