53  9.982064e-01 
18  4.112560e-04 
35  4.112560e-04 
48  4.112560e-04 
9  2.056280e-04 
62  2.056280e-04 
24  5.140700e-05 
54  5.140700e-05 
15  6.425875e-06 
39  6.425875e-06 
1  3.212937e-06 
6  3.212937e-06 
12  3.212937e-06 
25  3.212937e-06 
41  3.212937e-06 
47  3.212937e-06 
50  3.212937e-06 
57  3.212937e-06 
59  3.212937e-06 
16  1.606469e-06 
20  2.008086e-07 
2  1.004043e-07 
56  6.718505e-08 
51  6.718505e-08 
36  6.716490e-08 
4  6.716490e-08 
19  6.715147e-08 
29  6.715147e-08 
49  6.715147e-08 
32  6.714475e-08 
46  6.713804e-08 
52  6.713804e-08 
28  6.713132e-08 
44  6.713132e-08 
65  6.713132e-08 
13  6.711790e-08 
22  6.711790e-08 
21  6.711790e-08 
23  6.711790e-08 
11  6.711790e-08 
63  6.711790e-08 
10  6.711790e-08 
37  6.711790e-08 
38  6.711790e-08 
8  6.711790e-08 
40  6.711790e-08 
58  6.711790e-08 
42  6.711790e-08 
45  6.711790e-08 
7  6.711790e-08 
3  6.711790e-08 
55  6.711790e-08 
17  6.711790e-08 
