49  9.997778e-01 
9  9.997778e-05 
59  9.997778e-05 
52  7.638386e-06 
23  7.638386e-06 
64  9.547982e-07 
35  9.547982e-07 
51  4.773991e-07 
53  4.773991e-07 
24  4.773991e-07 
14  4.773991e-07 
28  4.773991e-07 
16  4.773991e-07 
18  4.773991e-07 
11  4.773991e-07 
50  4.773991e-07 
{15, 46}  2.524944e-07 
{6, 46}  2.524944e-07 
1  2.386996e-07 
56  2.983745e-08 
{15, 41}  1.007556e-10 
{6, 41}  1.007556e-10 
{36, 46}  3.767354e-11 
42  1.456907e-11 
3  1.456907e-11 
34  1.456907e-11 
54  7.284533e-12 
40  3.642266e-12 
58  3.642266e-12 
47  1.821133e-12 
20  1.821133e-12 
26  1.821133e-12 
{46, 57}  1.177298e-12 
{46, 55}  1.177298e-12 
22  4.552833e-13 
4  4.552833e-13 
5  4.552833e-13 
8  4.552833e-13 
13  4.552833e-13 
17  4.552833e-13 
19  4.552833e-13 
25  4.552833e-13 
27  4.552833e-13 
29  4.552833e-13 
31  4.552833e-13 
33  4.552833e-13 
37  4.552833e-13 
39  4.552833e-13 
48  4.552833e-13 
62  4.552833e-13 
63  4.552833e-13 
65  4.552833e-13 
{30, 46}  1.471623e-13 
{32, 46}  1.471623e-13 
{36, 41}  1.151003e-16 
{12, 38, 41}  9.290548e-17 
{41, 57}  3.596886e-18 
{41, 55}  3.596886e-18 
{30, 41}  4.496107e-19 
{32, 41}  4.496107e-19 
