42  4.991793e-01 
54  4.991793e-01 
18  4.979827e-05 
4  4.977337e-05 
41  4.977337e-05 
13  4.976342e-05 
24  4.975844e-05 
16  4.975844e-05 
52  4.974849e-05 
1  4.974849e-05 
30  4.974849e-05 
38  4.974352e-05 
22  4.973854e-05 
44  4.973854e-05 
45  4.973357e-05 
33  4.973357e-05 
59  4.973357e-05 
61  4.972362e-05 
63  4.972362e-05 
65  4.972362e-05 
2  4.972362e-05 
9  4.972362e-05 
12  4.972362e-05 
17  4.972362e-05 
19  4.972362e-05 
26  4.972362e-05 
35  4.972362e-05 
40  4.972362e-05 
43  4.972362e-05 
49  4.972362e-05 
53  4.972362e-05 
56  4.972362e-05 
57  4.972362e-05 
58  4.972362e-05 
60  4.972362e-05 
