45  3.999115e-01 
44  3.999115e-01 
43  1.999558e-01 
18  2.440866e-05 
16  2.440866e-05 
24  2.440866e-05 
11  2.440866e-05 
28  2.440866e-05 
50  2.440866e-05 
51  2.440866e-05 
53  2.440866e-05 
14  2.440866e-05 
56  1.525541e-06 
41  5.959146e-09 
30  2.979573e-09 
32  2.979573e-09 
42  7.448932e-10 
34  7.448932e-10 
3  7.448932e-10 
65  2.327791e-11 
4  2.327791e-11 
5  2.327791e-11 
8  2.327791e-11 
13  2.327791e-11 
17  2.327791e-11 
19  2.327791e-11 
22  2.327791e-11 
25  2.327791e-11 
27  2.327791e-11 
29  2.327791e-11 
31  2.327791e-11 
33  2.327791e-11 
37  2.327791e-11 
39  2.327791e-11 
48  2.327791e-11 
62  2.327791e-11 
63  2.327791e-11 
