46  9.999997e-01 
56  2.980827e-08 
41  9.971037e-09 
3  9.968046e-09 
34  9.968046e-09 
42  9.968046e-09 
54  9.967050e-09 
58  9.966053e-09 
40  9.966053e-09 
20  9.965056e-09 
47  9.965056e-09 
26  9.965056e-09 
33  9.963063e-09 
63  9.963063e-09 
37  9.963063e-09 
39  9.963063e-09 
8  9.963063e-09 
65  9.963063e-09 
5  9.963063e-09 
48  9.963063e-09 
4  9.963063e-09 
62  9.963063e-09 
13  9.963063e-09 
19  9.963063e-09 
17  9.963063e-09 
22  9.963063e-09 
25  9.963063e-09 
27  9.963063e-09 
29  9.963063e-09 
31  9.963063e-09 
