6  2.611752e-01 
14  2.611752e-01 
21  2.611752e-01 
11  7.980803e-02 
37  7.980803e-02 
25  1.995201e-02 
8  1.995201e-02 
50  2.494001e-03 
15  2.494001e-03 
10  1.247000e-03 
46  1.247000e-03 
36  1.247000e-03 
39  1.247000e-03 
64  1.247000e-03 
20  1.247000e-03 
28  1.247000e-03 
48  1.247000e-03 
31  1.247000e-03 
23  6.235002e-04 
32  7.793753e-05 
18  3.896877e-05 
4  1.217774e-06 
41  1.217774e-06 
24  1.522217e-07 
16  1.522217e-07 
52  3.805544e-08 
1  3.805544e-08 
30  3.805544e-08 
38  1.902772e-08 
44  9.513859e-09 
22  9.513859e-09 
33  4.756929e-09 
45  4.756929e-09 
59  4.756929e-09 
19  1.189232e-09 
35  1.189232e-09 
40  1.189232e-09 
43  1.189232e-09 
49  1.189232e-09 
53  1.189232e-09 
56  1.189232e-09 
57  1.189232e-09 
58  1.189232e-09 
60  1.189232e-09 
61  1.189232e-09 
63  1.189232e-09 
26  1.189232e-09 
65  1.189232e-09 
2  1.189232e-09 
9  1.189232e-09 
12  1.189232e-09 
17  1.189232e-09 
{7, 13, 51}  2.426757e-13 
