34  4.999446e-01 
6  4.999446e-01 
8  4.999446e-05 
23  4.999446e-05 
55  3.819618e-06 
20  3.819618e-06 
12  4.774523e-07 
60  4.774523e-07 
3  2.387261e-07 
46  2.387261e-07 
47  2.387261e-07 
50  2.387261e-07 
25  2.387261e-07 
13  2.387261e-07 
14  2.387261e-07 
9  2.387261e-07 
36  2.387261e-07 
62  1.193631e-07 
65  1.492038e-08 
17  7.460192e-09 
{7, 19}  5.038343e-11 
42  2.914138e-11 
58  2.914138e-11 
57  7.285344e-12 
39  7.285344e-12 
45  7.285344e-12 
40  9.106680e-13 
56  9.106680e-13 
18  2.276670e-13 
4  2.276670e-13 
10  2.276670e-13 
11  2.276670e-13 
15  2.276670e-13 
21  2.276670e-13 
24  2.276670e-13 
29  2.276670e-13 
30  2.276670e-13 
32  2.276670e-13 
33  2.276670e-13 
38  2.276670e-13 
41  2.276670e-13 
44  2.276670e-13 
48  2.276670e-13 
59  2.276670e-13 
63  2.276670e-13 
64  2.276670e-13 
{7, 35, 43}  4.645791e-17 
{7, 31}  1.798643e-18 
{2, 7}  1.798643e-18 
{1, 7}  2.810380e-20 
{7, 52}  1.405190e-20 
{7, 22}  1.405190e-20 
{7, 61}  7.025950e-21 
