15  4.999446e-01 
6  4.999446e-01 
9  4.999446e-05 
59  4.999446e-05 
23  3.819618e-06 
52  3.819618e-06 
35  4.774523e-07 
64  4.774523e-07 
51  2.387261e-07 
53  2.387261e-07 
11  2.387261e-07 
18  2.387261e-07 
24  2.387261e-07 
14  2.387261e-07 
28  2.387261e-07 
16  2.387261e-07 
50  2.387261e-07 
1  1.193631e-07 
56  1.492038e-08 
36  7.460192e-09 
{41, 49}  5.038343e-11 
32  2.914138e-11 
30  2.914138e-11 
42  7.285344e-12 
3  7.285344e-12 
34  7.285344e-12 
47  9.106680e-13 
26  9.106680e-13 
33  2.276670e-13 
4  2.276670e-13 
5  2.276670e-13 
8  2.276670e-13 
13  2.276670e-13 
17  2.276670e-13 
19  2.276670e-13 
22  2.276670e-13 
25  2.276670e-13 
27  2.276670e-13 
29  2.276670e-13 
31  2.276670e-13 
37  2.276670e-13 
39  2.276670e-13 
48  2.276670e-13 
62  2.276670e-13 
63  2.276670e-13 
65  2.276670e-13 
{12, 38, 41}  4.645791e-17 
{41, 55}  1.798643e-18 
{41, 57}  1.798643e-18 
{41, 54}  2.810380e-20 
{40, 41}  1.405190e-20 
{41, 58}  1.405190e-20 
{20, 41}  7.025950e-21 
