17  6.427417e-01 
4  2.755237e-01 
60  3.444046e-02 
2  1.722023e-02 
53  4.305058e-03 
16  2.152529e-03 
23  8.803542e-04 
36  8.802662e-04 
22  8.801782e-04 
37  8.800021e-04 
44  8.798262e-04 
70  8.798262e-04 
18  8.788588e-04 
1  8.787709e-04 
28  8.784195e-04 
62  8.780682e-04 
69  8.780682e-04 
74  8.778048e-04 
11  8.772782e-04 
19  8.770151e-04 
54  8.749127e-04 
8  8.727280e-04 
13  8.723790e-04 
24  8.722917e-04 
59  8.719429e-04 
40  8.717685e-04 
25  8.696786e-04 
56  8.687225e-04 
31  8.678541e-04 
51  8.676806e-04 
29  8.676806e-04 
49  8.671601e-04 
35  8.668133e-04 
