17  6.424865e-01 
71  3.161574e-01 
2  1.694088e-02 
63  8.470439e-03 
32  2.117610e-03 
29  1.058805e-03 
8  1.058805e-03 
13  5.294024e-04 
20  4.330364e-04 
62  4.329498e-04 
24  4.328632e-04 
27  4.328632e-04 
41  4.325603e-04 
68  4.323440e-04 
33  4.320847e-04 
46  4.319119e-04 
12  4.317823e-04 
64  4.315233e-04 
39  4.313939e-04 
30  4.305319e-04 
49  4.303597e-04 
70  4.301876e-04 
6  4.292851e-04 
16  4.291134e-04 
44  4.290705e-04 
11  4.288989e-04 
21  4.288131e-04 
60  4.277852e-04 
25  4.273148e-04 
23  4.268877e-04 
54  4.268023e-04 
45  4.268023e-04 
35  4.265463e-04 
72  4.263757e-04 
