5  1.338705e-02 
61  1.338571e-02 
66  1.338571e-02 
52  1.338571e-02 
75  1.338571e-02 
27  1.338571e-02 
43  1.338571e-02 
65  1.338571e-02 
26  1.338437e-02 
42  1.338437e-02 
41  1.338437e-02 
39  1.338437e-02 
71  1.338437e-02 
12  1.338437e-02 
63  1.338437e-02 
21  1.338303e-02 
6  1.338303e-02 
17  1.338169e-02 
7  1.338169e-02 
38  1.338169e-02 
67  1.338035e-02 
4  1.338035e-02 
50  1.338035e-02 
73  1.337902e-02 
3  1.337768e-02 
60  1.337634e-02 
10  1.337634e-02 
14  1.337500e-02 
34  1.337500e-02 
2  1.337500e-02 
53  1.337233e-02 
16  1.337099e-02 
20  1.337099e-02 
58  1.337099e-02 
46  1.336965e-02 
23  1.336564e-02 
36  1.336431e-02 
22  1.336297e-02 
64  1.336163e-02 
37  1.336030e-02 
9  1.336030e-02 
70  1.335763e-02 
44  1.335763e-02 
15  1.335095e-02 
57  1.334427e-02 
18  1.334294e-02 
1  1.334161e-02 
28  1.333627e-02 
45  1.333360e-02 
62  1.333094e-02 
69  1.333094e-02 
74  1.332694e-02 
48  1.332427e-02 
11  1.331894e-02 
19  1.331495e-02 
32  1.330962e-02 
68  1.330696e-02 
47  1.329366e-02 
30  1.329366e-02 
55  1.328967e-02 
72  1.328834e-02 
54  1.328303e-02 
33  1.327772e-02 
8  1.324986e-02 
13  1.324456e-02 
24  1.324324e-02 
59  1.323794e-02 
40  1.323529e-02 
25  1.320356e-02 
56  1.318905e-02 
31  1.317586e-02 
29  1.317323e-02 
51  1.317323e-02 
49  1.316533e-02 
35  1.316006e-02 
