12  2.565746e-02 
22  2.565746e-02 
20  2.565746e-02 
4  2.565746e-02 
38  2.565746e-02 
37  2.565746e-02 
33  2.565746e-02 
8  2.565746e-02 
32  2.565746e-02 
3  2.565746e-02 
30  2.565746e-02 
23  2.565746e-02 
1  2.565489e-02 
2  2.565489e-02 
10  2.565489e-02 
21  2.565489e-02 
25  2.565489e-02 
31  2.565489e-02 
36  2.565489e-02 
13  2.565233e-02 
28  2.565233e-02 
34  2.565233e-02 
15  2.564976e-02 
39  2.564976e-02 
18  2.564976e-02 
7  2.564720e-02 
11  2.564463e-02 
27  2.564207e-02 
26  2.563438e-02 
29  2.562412e-02 
5  2.562412e-02 
16  2.561644e-02 
6  2.561388e-02 
19  2.561131e-02 
24  2.560363e-02 
14  2.560107e-02 
35  2.559339e-02 
17  2.559339e-02 
9  2.557037e-02 
