48  2.439024e-02 
2  2.439024e-02 
3  2.439024e-02 
4  2.439024e-02 
5  2.439024e-02 
6  2.439024e-02 
7  2.439024e-02 
9  2.439024e-02 
11  2.439024e-02 
12  2.439024e-02 
13  2.439024e-02 
14  2.439024e-02 
15  2.439024e-02 
16  2.439024e-02 
17  2.439024e-02 
18  2.439024e-02 
19  2.439024e-02 
20  2.439024e-02 
23  2.439024e-02 
24  2.439024e-02 
25  2.439024e-02 
26  2.439024e-02 
27  2.439024e-02 
28  2.439024e-02 
29  2.439024e-02 
30  2.439024e-02 
31  2.439024e-02 
33  2.439024e-02 
34  2.439024e-02 
35  2.439024e-02 
36  2.439024e-02 
37  2.439024e-02 
38  2.439024e-02 
39  2.439024e-02 
40  2.439024e-02 
43  2.439024e-02 
44  2.439024e-02 
45  2.439024e-02 
46  2.439024e-02 
47  2.439024e-02 
1  2.439024e-02 
