10  1.101907e-01 
8  1.101907e-01 
41  1.101907e-01 
4  1.632751e-02 
5  1.632751e-02 
6  1.632751e-02 
7  1.632751e-02 
9  1.632751e-02 
11  1.632751e-02 
12  1.632751e-02 
13  1.632751e-02 
14  1.632751e-02 
15  1.632751e-02 
16  1.632751e-02 
17  1.632751e-02 
18  1.632751e-02 
19  1.632751e-02 
20  1.632751e-02 
23  1.632751e-02 
24  1.632751e-02 
25  1.632751e-02 
26  1.632751e-02 
27  1.632751e-02 
28  1.632751e-02 
29  1.632751e-02 
30  1.632751e-02 
31  1.632751e-02 
33  1.632751e-02 
34  1.632751e-02 
35  1.632751e-02 
36  1.632751e-02 
37  1.632751e-02 
38  1.632751e-02 
39  1.632751e-02 
40  1.632751e-02 
43  1.632751e-02 
44  1.632751e-02 
45  1.632751e-02 
46  1.632751e-02 
47  1.632751e-02 
1  1.632751e-02 
48  1.632751e-02 
2  1.632751e-02 
3  1.632751e-02 
