24  3.512886e-02 
17  3.512886e-02 
29  3.512886e-02 
16  3.512886e-02 
6  3.512886e-02 
22  3.512183e-02 
18  3.512183e-02 
28  3.512183e-02 
7  3.512183e-02 
8  3.512183e-02 
10  3.512183e-02 
19  3.512183e-02 
4  3.494316e-02 
14  3.494316e-02 
12  3.494316e-02 
9  3.492569e-02 
5  3.492569e-02 
15  3.472022e-02 
13  3.425805e-02 
23  3.421354e-02 
25  3.417935e-02 
26  3.365699e-02 
11  3.364689e-02 
3  3.348242e-02 
27  3.342554e-02 
21  3.341218e-02 
1  3.307639e-02 
2  3.289825e-02 
20  3.285223e-02 
