19  1.000000e+00 
61  1.000000e-36 
40  1.000000e-36 
62  1.000000e-44 
28  1.000000e-72 
34  1.000000e-72 
{6, 15, 31}  2.382917e-135 
{6, 15, 33}  2.382917e-135 
{6, 15, 21}  5.957293e-136 
{15, 26, 33}  3.137998e-136 
{15, 26, 31}  3.137998e-136 
{15, 21, 26}  7.844994e-137 
{1, 6, 32, 33, 64}  3.492431e-148 
{1, 6, 31, 32, 64}  3.492431e-148 
{1, 26, 31, 32, 64}  4.599086e-149 
{1, 26, 32, 33, 64}  4.599086e-149 
{6, 15, 59}  3.928910e-160 
{15, 26, 59}  5.173873e-161 
57  4.567644e-162 
{1, 4, 32, 38}  1.848048e-168 
{15, 29, 31, 38, 48}  3.334761e-172 
{15, 25, 31, 38, 48}  3.334761e-172 
{15, 29, 33, 38, 48}  3.334761e-172 
{15, 25, 33, 38, 48}  3.334761e-172 
{1, 6, 22, 25, 33, 38, 64}  2.778881e-172 
{1, 6, 22, 25, 31, 38, 64}  2.778881e-172 
{1, 6, 22, 29, 31, 38, 64}  2.778881e-172 
{1, 6, 22, 29, 33, 38, 64}  2.778881e-172 
{1, 22, 26, 29, 33, 38, 64}  3.659431e-173 
{1, 22, 26, 29, 31, 38, 64}  3.659431e-173 
{1, 22, 25, 26, 31, 38, 64}  3.659431e-173 
{1, 22, 25, 26, 33, 38, 64}  3.659431e-173 
55  1.661699e-173 
{1, 4, 22, 29, 38}  1.590237e-173 
{1, 4, 22, 25, 38}  1.590237e-173 
{1, 22, 29, 31, 38, 48, 64}  4.653611e-175 
{1, 22, 25, 31, 38, 48, 64}  4.653611e-175 
{1, 22, 25, 33, 38, 48, 64}  4.653611e-175 
{1, 22, 29, 33, 38, 48, 64}  4.653611e-175 
{1, 8, 22, 32, 33, 38, 48, 63, 64}  1.062088e-175 
{1, 8, 22, 31, 32, 38, 48, 63, 64}  1.062088e-175 
{1, 22, 31, 32, 38, 48, 53, 63, 64}  1.062068e-175 
{1, 22, 32, 33, 38, 48, 53, 63, 64}  1.062068e-175 
{1, 22, 31, 32, 38, 47, 48, 64}  4.020829e-177 
{1, 22, 32, 33, 38, 47, 48, 64}  4.020829e-177 
{1, 13, 22, 31, 32, 38, 48, 64}  1.594783e-177 
{1, 13, 22, 32, 33, 38, 48, 64}  1.594783e-177 
{1, 15, 32, 33, 38, 47, 48}  8.052227e-178 
{1, 15, 31, 32, 38, 47, 48}  8.052227e-178 
{4, 15, 32, 38}  4.463174e-178 
{1, 4, 11, 32}  4.014258e-180 
{1, 4, 6, 32}  2.260731e-180 
{1, 6, 11, 32, 64}  7.303040e-181 
{1, 4, 26, 32}  6.699467e-181 
7  1.238063e-181 
45  1.238063e-181 
14  1.238063e-181 
{1, 11, 26, 32, 64}  9.130170e-182 
{13, 15, 33, 38, 48}  6.725586e-183 
{13, 15, 31, 38, 48}  6.725586e-183 
{1, 11, 32, 48, 64}  6.617274e-185 
{4, 15, 25, 33, 38}  5.266775e-187 
{4, 15, 29, 31, 38}  5.266775e-187 
{4, 15, 25, 31, 38}  5.266775e-187 
{4, 15, 29, 33, 38}  5.266775e-187 
{6, 11, 15}  9.525049e-192 
{11, 15, 26}  2.073480e-192 
{11, 15, 48}  3.527404e-194 
{4, 13, 15, 31, 38}  1.927947e-197 
{4, 13, 15, 33, 38}  1.927947e-197 
{15, 25, 38, 48, 59}  5.387254e-198 
{15, 29, 38, 48, 59}  5.387254e-198 
{4, 6, 15}  6.027761e-209 
{4, 15, 26}  2.169090e-209 
{4, 11, 15}  1.535846e-210 
{15, 32, 33, 38, 48, 53}  1.442070e-211 
{15, 31, 32, 38, 48, 53}  1.442070e-211 
{8, 15, 32, 33, 38, 48}  1.442070e-211 
{8, 15, 31, 32, 38, 48}  1.442070e-211 
{4, 15, 29, 38, 59}  4.960492e-215 
{4, 15, 25, 38, 59}  4.960492e-215 
{4, 22, 31, 32, 38, 42, 63}  9.145137e-235 
{4, 22, 32, 33, 38, 42, 63}  9.145137e-235 
