23  1.000000e+00 
10  1.000000e-36 
22  1.000000e-36 
8  1.000000e-44 
53  1.000000e-72 
55  1.000000e-72 
{12, 33, 43}  2.382917e-135 
{12, 43, 44}  2.382917e-135 
{2, 12, 43}  5.957293e-136 
{6, 43, 44}  3.137998e-136 
{6, 33, 43}  3.137998e-136 
{2, 6, 43}  7.844994e-137 
{12, 44, 47, 51, 60}  3.492431e-148 
{12, 33, 47, 51, 60}  3.492431e-148 
{6, 44, 47, 51, 60}  4.599086e-149 
{6, 33, 47, 51, 60}  4.599086e-149 
{12, 20, 43}  3.928910e-160 
{6, 20, 43}  5.173873e-161 
31  4.567644e-162 
{13, 47, 60, 64}  1.848048e-168 
{3, 13, 41, 43, 44}  3.334761e-172 
{13, 19, 33, 41, 43}  3.334761e-172 
{3, 13, 33, 41, 43}  3.334761e-172 
{13, 19, 41, 43, 44}  3.334761e-172 
{12, 13, 19, 40, 44, 47, 51}  2.778881e-172 
{12, 13, 19, 33, 40, 47, 51}  2.778881e-172 
{3, 12, 13, 40, 44, 47, 51}  2.778881e-172 
{3, 12, 13, 33, 40, 47, 51}  2.778881e-172 
{6, 13, 19, 33, 40, 47, 51}  3.659431e-173 
{6, 13, 19, 40, 44, 47, 51}  3.659431e-173 
{3, 6, 13, 40, 44, 47, 51}  3.659431e-173 
{3, 6, 13, 33, 40, 47, 51}  3.659431e-173 
45  1.661699e-173 
{13, 19, 33, 40, 41, 47, 51}  4.653611e-175 
{13, 19, 40, 41, 44, 47, 51}  4.653611e-175 
{3, 13, 40, 41, 44, 47, 51}  4.653611e-175 
{3, 13, 33, 40, 41, 47, 51}  4.653611e-175 
{1, 13, 25, 40, 41, 44, 47, 51, 60}  1.781098e-175 
{9, 13, 25, 40, 41, 44, 47, 51, 60}  1.781098e-175 
{9, 13, 25, 33, 40, 41, 47, 51, 60}  1.781098e-175 
{1, 13, 25, 33, 40, 41, 47, 51, 60}  1.781098e-175 
{13, 19, 40, 47, 64}  2.543463e-176 
{3, 13, 40, 47, 64}  2.543463e-176 
{13, 33, 40, 41, 47, 50, 51, 60}  6.276848e-177 
{13, 40, 41, 44, 47, 50, 51, 60}  6.276848e-177 
{13, 30, 33, 40, 41, 47, 51, 60}  2.172016e-177 
{13, 30, 40, 41, 44, 47, 51, 60}  2.172016e-177 
{13, 43, 60, 64}  4.463174e-178 
{7, 47, 60, 64}  4.014258e-180 
{12, 47, 60, 64}  2.260731e-180 
{7, 12, 47, 51, 60}  7.303040e-181 
{6, 47, 60, 64}  6.699467e-181 
49  1.238063e-181 
15  1.238063e-181 
29  1.238063e-181 
{6, 7, 47, 51, 60}  9.130170e-182 
{13, 30, 33, 41, 43}  6.725586e-183 
{13, 30, 41, 43, 44}  6.725586e-183 
{7, 41, 47, 51, 60}  6.617274e-185 
{3, 13, 43, 44, 64}  5.266775e-187 
{3, 13, 33, 43, 64}  5.266775e-187 
{13, 19, 43, 44, 64}  5.266775e-187 
{13, 19, 33, 43, 64}  5.266775e-187 
{7, 12, 43}  9.525049e-192 
{6, 7, 43}  2.073480e-192 
{13, 33, 41, 43, 47, 50, 60}  1.486495e-192 
{13, 41, 43, 44, 47, 50, 60}  1.486495e-192 
{7, 41, 43}  3.527404e-194 
{13, 30, 43, 44, 64}  1.927947e-197 
{13, 30, 33, 43, 64}  1.927947e-197 
{3, 13, 20, 41, 43}  5.387254e-198 
{13, 19, 20, 41, 43}  5.387254e-198 
{12, 43, 64}  6.027761e-209 
{6, 43, 64}  2.169090e-209 
{7, 43, 64}  1.535846e-210 
{1, 13, 41, 43, 44, 60}  1.442070e-211 
{9, 13, 33, 41, 43, 60}  1.442070e-211 
{1, 13, 33, 41, 43, 60}  1.442070e-211 
{9, 13, 41, 43, 44, 60}  1.442070e-211 
{3, 13, 20, 43, 64}  4.960492e-215 
{13, 19, 20, 43, 64}  4.960492e-215 
{13, 25, 28, 40, 44, 60, 64}  9.145137e-235 
{13, 25, 28, 33, 40, 60, 64}  9.145137e-235 
