47  1.000000e+00 
23  2.695525e-82 
22  5.264696e-85 
10  5.264696e-85 
8  1.316174e-85 
55  1.028261e-87 
53  1.028261e-87 
43  3.922504e-93 
28  8.794559e-137 
31  4.546681e-162 
45  1.654073e-173 
49  1.232380e-181 
29  1.232380e-181 
15  1.232380e-181 
{7, 17, 41}  3.124193e-214 
{7, 27, 41}  3.124193e-214 
{5, 7, 41}  3.124193e-214 
{7, 64}  2.565499e-229 
{7, 18, 41, 51}  1.199285e-233 
{7, 13, 34, 41, 51}  6.197008e-237 
{7, 13, 41, 46, 51}  3.682019e-237 
{7, 13, 41, 42, 51}  8.825491e-239 
{7, 13, 21, 41, 51}  8.825491e-239 
{7, 13, 41, 50, 51}  1.886816e-277 
{6, 7, 41, 51}  7.531367e-282 
{7, 12, 41, 51}  1.647487e-282 
