51  1.563651e-02 
2  1.563651e-02 
23  1.563651e-02 
20  1.563651e-02 
37  1.563651e-02 
12  1.563651e-02 
54  1.563651e-02 
50  1.563651e-02 
27  1.563495e-02 
33  1.563495e-02 
17  1.563495e-02 
31  1.563495e-02 
24  1.563495e-02 
36  1.563182e-02 
21  1.563182e-02 
10  1.563182e-02 
63  1.563026e-02 
3  1.562870e-02 
46  1.562401e-02 
18  1.561776e-02 
5  1.561620e-02 
58  1.561620e-02 
22  1.561463e-02 
43  1.560839e-02 
65  1.560683e-02 
41  1.560683e-02 
52  1.560683e-02 
44  1.559903e-02 
30  1.558967e-02 
49  1.558967e-02 
60  1.558967e-02 
16  1.558032e-02 
56  1.558032e-02 
9  1.550416e-02 
32  1.548866e-02 
25  1.545308e-02 
29  1.545308e-02 
13  1.542991e-02 
64  1.540987e-02 
59  1.536063e-02 
39  1.530543e-02 
47  1.529472e-02 
1  1.528860e-02 
35  1.524280e-02 
38  1.523366e-02 
19  1.521843e-02 
61  1.520474e-02 
40  1.520474e-02 
62  1.520170e-02 
34  1.519106e-02 
28  1.519106e-02 
48  1.518043e-02 
15  1.516374e-02 
8  1.508207e-02 
53  1.508207e-02 
42  1.494544e-02 
26  1.493797e-02 
6  1.493050e-02 
4  1.489620e-02 
11  1.487982e-02 
57  1.482042e-02 
55  1.476421e-02 
45  1.472440e-02 
7  1.472440e-02 
14  1.472440e-02 
