61  9.142548e-01 
17  5.714093e-02 
34  2.857046e-02 
28  2.282018e-06 
5  2.280649e-06 
62  2.270182e-06 
53  2.257955e-06 
43  2.257955e-06 
50  2.237500e-06 
44  2.236381e-06 
3  2.235263e-06 
20  2.230128e-06 
12  2.227676e-06 
21  2.218783e-06 
32  2.210367e-06 
33  2.204407e-06 
13  2.204407e-06 
9  2.204407e-06 
{1, 37}  2.265305e-08 
{1, 54}  2.245457e-08 
{1, 15}  2.244559e-08 
{1, 38}  2.234257e-08 
{1, 31}  2.232247e-08 
{1, 58}  2.232247e-08 
{1, 7}  2.231801e-08 
{1, 36}  2.230239e-08 
{1, 57}  2.230239e-08 
