27  4.648202e-01 
62  4.648202e-01 
45  6.886786e-02 
15  4.640770e-05 
18  4.640306e-05 
46  4.640306e-05 
43  4.640306e-05 
50  4.637986e-05 
8  4.635204e-05 
42  4.635204e-05 
61  4.632424e-05 
25  4.632424e-05 
2  4.581744e-05 
56  4.550692e-05 
58  4.545689e-05 
29  4.532072e-05 
19  4.529353e-05 
41  4.524826e-05 
48  4.520755e-05 
16  4.520755e-05 
49  4.519851e-05 
28  4.516688e-05 
1  4.516688e-05 
13  4.508565e-05 
39  4.484283e-05 
34  4.484283e-05 
33  4.443659e-05 
26  4.441438e-05 
9  4.439218e-05 
37  4.429019e-05 
54  4.424149e-05 
5  4.406487e-05 
51  4.389773e-05 
38  4.377936e-05 
21  4.377936e-05 
64  4.377936e-05 
